(kicad_pcb (version 20171130) (host pcbnew "(5.0.0-rc2-35-gda6600525)")

  (general
    (thickness 1.6)
    (drawings 28)
    (tracks 628)
    (zones 0)
    (modules 46)
    (nets 58)
  )

  (page A4)
  (layers
    (0 F.Cu signal)
    (31 B.Cu signal)
    (33 F.Adhes user)
    (34 B.Paste user)
    (35 F.Paste user)
    (36 B.SilkS user hide)
    (37 F.SilkS user hide)
    (38 B.Mask user)
    (39 F.Mask user)
    (40 Dwgs.User user)
    (41 Cmts.User user)
    (42 Eco1.User user)
    (43 Eco2.User user)
    (44 Edge.Cuts user)
    (45 Margin user)
    (47 F.CrtYd user)
    (49 F.Fab user hide)
  )

  (setup
    (last_trace_width 0.25)
    (user_trace_width 0.7)
    (user_trace_width 1)
    (trace_clearance 0.2)
    (zone_clearance 0.508)
    (zone_45_only no)
    (trace_min 0)
    (segment_width 0.2)
    (edge_width 0.15)
    (via_size 0.8)
    (via_drill 0.4)
    (via_min_size 0.4)
    (via_min_drill 0.3)
    (uvia_size 0.3)
    (uvia_drill 0.1)
    (uvias_allowed no)
    (uvia_min_size 0.2)
    (uvia_min_drill 0.1)
    (pcb_text_width 0.3)
    (pcb_text_size 1.5 1.5)
    (mod_edge_width 0.15)
    (mod_text_size 1 1)
    (mod_text_width 0.15)
    (pad_size 1.524 1.524)
    (pad_drill 0.762)
    (pad_to_mask_clearance 0.2)
    (aux_axis_origin 0 0)
    (visible_elements 7FFFFFFF)
    (pcbplotparams
      (layerselection 0x010fc_ffffffff)
      (usegerberextensions false)
      (usegerberattributes false)
      (usegerberadvancedattributes false)
      (creategerberjobfile false)
      (excludeedgelayer true)
      (linewidth 0.100000)
      (plotframeref false)
      (viasonmask false)
      (mode 1)
      (useauxorigin false)
      (hpglpennumber 1)
      (hpglpenspeed 20)
      (hpglpendiameter 15.000000)
      (psnegative false)
      (psa4output false)
      (plotreference true)
      (plotvalue true)
      (plotinvisibletext false)
      (padsonsilk false)
      (subtractmaskfromsilk false)
      (outputformat 1)
      (mirror false)
      (drillshape 0)
      (scaleselection 1)
      (outputdirectory Gerbers_v04))
  )

  (net 0 "")
  (net 1 GND)
  (net 2 +3V3)
  (net 3 /Test_In)
  (net 4 /Ref_In)
  (net 5 /SCL)
  (net 6 /SDA)
  (net 7 /LO_I)
  (net 8 /LO_Q)
  (net 9 "Net-(U1-Pad2)")
  (net 10 "Net-(U1-Pad3)")
  (net 11 "Net-(C7-Pad1)")
  (net 12 "Net-(C1-Pad1)")
  (net 13 "Net-(C4-Pad2)")
  (net 14 "Net-(C9-Pad1)")
  (net 15 /A14)
  (net 16 /A13)
  (net 17 "Net-(C1-Pad2)")
  (net 18 "Net-(A_GND1-Pad1)")
  (net 19 "Net-(B1-Pad5V)")
  (net 20 "Net-(B1-PadP6.0)")
  (net 21 "Net-(B1-PadP3.2)")
  (net 22 "Net-(B1-PadP3.3)")
  (net 23 "Net-(B1-PadP4.1)")
  (net 24 "Net-(B1-PadP4.2)")
  (net 25 "Net-(B1-PadP4.3)")
  (net 26 "Net-(B1-PadP4.4)")
  (net 27 "Net-(B1-PadP1.5)")
  (net 28 "Net-(B1-PadP4.5)")
  (net 29 "Net-(B1-PadP4.6)")
  (net 30 "Net-(B1-PadP4.7)")
  (net 31 "Net-(B1-PadP5.4)")
  (net 32 "Net-(B1-PadP5.5)")
  (net 33 "Net-(B1-PadP2.3)")
  (net 34 "Net-(B1-PadP5.1)")
  (net 35 "Net-(B1-PadP6.7)")
  (net 36 "Net-(B1-PadP1.6)")
  (net 37 "Net-(B1-PadP5.0)")
  (net 38 "Net-(B1-PadP1.7)")
  (net 39 "Net-(B1-PadP6.6)")
  (net 40 "Net-(B1-PadP5.6)")
  (net 41 "Net-(B1-PadP5.7)")
  (net 42 "Net-(B1-PadRST)")
  (net 43 "Net-(B1-PadP3.0)")
  (net 44 "Net-(B1-PadP2.4)")
  (net 45 "Net-(B1-PadP2.7)")
  (net 46 "Net-(B1-PadP2.5)")
  (net 47 "Net-(B1-PadP2.6)")
  (net 48 "Net-(B1-PadP3.7)")
  (net 49 "Net-(B1-PadP3.6)")
  (net 50 "Net-(B1-PadP5.2)")
  (net 51 "Net-(B1-PadP3.5)")
  (net 52 "Net-(C6-Pad1)")
  (net 53 "Net-(C8-Pad1)")
  (net 54 "Net-(C10-Pad1)")
  (net 55 "Net-(C12-Pad1)")
  (net 56 "Net-(C13-Pad1)")
  (net 57 "Net-(C14-Pad1)")

  (net_class Default "This is the default net class."
    (clearance 0.2)
    (trace_width 0.25)
    (via_dia 0.8)
    (via_drill 0.4)
    (uvia_dia 0.3)
    (uvia_drill 0.1)
    (add_net /A13)
    (add_net /A14)
    (add_net /Ref_In)
    (add_net /SCL)
    (add_net /SDA)
    (add_net "Net-(A_GND1-Pad1)")
    (add_net "Net-(B1-Pad5V)")
    (add_net "Net-(B1-PadP1.5)")
    (add_net "Net-(B1-PadP1.6)")
    (add_net "Net-(B1-PadP1.7)")
    (add_net "Net-(B1-PadP2.3)")
    (add_net "Net-(B1-PadP2.4)")
    (add_net "Net-(B1-PadP2.5)")
    (add_net "Net-(B1-PadP2.6)")
    (add_net "Net-(B1-PadP2.7)")
    (add_net "Net-(B1-PadP3.0)")
    (add_net "Net-(B1-PadP3.2)")
    (add_net "Net-(B1-PadP3.3)")
    (add_net "Net-(B1-PadP3.5)")
    (add_net "Net-(B1-PadP3.6)")
    (add_net "Net-(B1-PadP3.7)")
    (add_net "Net-(B1-PadP4.1)")
    (add_net "Net-(B1-PadP4.2)")
    (add_net "Net-(B1-PadP4.3)")
    (add_net "Net-(B1-PadP4.4)")
    (add_net "Net-(B1-PadP4.5)")
    (add_net "Net-(B1-PadP4.6)")
    (add_net "Net-(B1-PadP4.7)")
    (add_net "Net-(B1-PadP5.0)")
    (add_net "Net-(B1-PadP5.1)")
    (add_net "Net-(B1-PadP5.2)")
    (add_net "Net-(B1-PadP5.4)")
    (add_net "Net-(B1-PadP5.5)")
    (add_net "Net-(B1-PadP5.6)")
    (add_net "Net-(B1-PadP5.7)")
    (add_net "Net-(B1-PadP6.0)")
    (add_net "Net-(B1-PadP6.6)")
    (add_net "Net-(B1-PadP6.7)")
    (add_net "Net-(B1-PadRST)")
    (add_net "Net-(C1-Pad1)")
    (add_net "Net-(C1-Pad2)")
    (add_net "Net-(C10-Pad1)")
    (add_net "Net-(C12-Pad1)")
    (add_net "Net-(C13-Pad1)")
    (add_net "Net-(C14-Pad1)")
    (add_net "Net-(C4-Pad2)")
    (add_net "Net-(C6-Pad1)")
    (add_net "Net-(C7-Pad1)")
    (add_net "Net-(C8-Pad1)")
    (add_net "Net-(C9-Pad1)")
    (add_net "Net-(U1-Pad2)")
    (add_net "Net-(U1-Pad3)")
  )

  (net_class power ""
    (clearance 0.2)
    (trace_width 0.4)
    (via_dia 0.8)
    (via_drill 0.4)
    (uvia_dia 0.3)
    (uvia_drill 0.1)
  )

  (net_class skinny ""
    (clearance 0.2)
    (trace_width 0.17)
    (via_dia 0.8)
    (via_drill 0.4)
    (uvia_dia 0.3)
    (uvia_drill 0.1)
    (add_net +3V3)
    (add_net /LO_I)
    (add_net /LO_Q)
    (add_net /Test_In)
    (add_net GND)
  )

  (module Inductors_SMD:L_1210 (layer F.Cu) (tedit 5A5BD7BB) (tstamp 5B0DA525)
    (at 87.275 81.925 270)
    (descr "Resistor SMD 1210, reflow soldering, Vishay (see dcrcw.pdf)")
    (tags "resistor 1210")
    (path /58ECE5D0)
    (attr smd)
    (fp_text reference L1 (at 0 -2.1 270) (layer F.SilkS)
      (effects (font (size 0.7 0.7) (thickness 0.15)))
    )
    (fp_text value 1mH (at 0 2.7 270) (layer F.Fab)
      (effects (font (size 1 1) (thickness 0.15)))
    )
    (fp_line (start -1 -1.48) (end 1 -1.48) (layer F.SilkS) (width 0.12))
    (fp_line (start 1 1.48) (end -1 1.48) (layer F.SilkS) (width 0.12))
    (fp_line (start 2.2 -1.6) (end 2.2 1.6) (layer F.CrtYd) (width 0.05))
    (fp_line (start -2.2 -1.6) (end -2.2 1.6) (layer F.CrtYd) (width 0.05))
    (fp_line (start -2.2 1.6) (end 2.2 1.6) (layer F.CrtYd) (width 0.05))
    (fp_line (start -2.2 -1.6) (end 2.2 -1.6) (layer F.CrtYd) (width 0.05))
    (fp_line (start -1.6 -1.25) (end 1.6 -1.25) (layer F.Fab) (width 0.1))
    (fp_line (start 1.6 -1.25) (end 1.6 1.25) (layer F.Fab) (width 0.1))
    (fp_line (start 1.6 1.25) (end -1.6 1.25) (layer F.Fab) (width 0.1))
    (fp_line (start -1.6 1.25) (end -1.6 -1.25) (layer F.Fab) (width 0.1))
    (fp_text user %R (at 0 0 270) (layer F.Fab)
      (effects (font (size 0.5 0.5) (thickness 0.075)))
    )
    (pad 2 smd rect (at 1.45 0 270) (size 0.9 2.5) (layers F.Cu F.Paste F.Mask)
      (net 3 /Test_In))
    (pad 1 smd rect (at -1.45 0 270) (size 0.9 2.5) (layers F.Cu F.Paste F.Mask)
      (net 18 "Net-(A_GND1-Pad1)"))
    (model ${KISYS3DMOD}/Inductors_SMD.3dshapes/L_1210.wrl
      (at (xyz 0 0 0))
      (scale (xyz 1 1 1))
      (rotate (xyz 0 0 0))
    )
  )

  (module Resistors_SMD:R_0805 (layer B.Cu) (tedit 5A3C81A0) (tstamp 5A3C554C)
    (at 88.425 85.425)
    (descr "Resistor SMD 0805, reflow soldering, Vishay (see dcrcw.pdf)")
    (tags "resistor 0805")
    (path /58EB88FC)
    (attr smd)
    (fp_text reference R1 (at 1.9 0.05 -90) (layer B.SilkS)
      (effects (font (size 0.7 0.7) (thickness 0.15)) (justify mirror))
    )
    (fp_text value 4.7k (at 0.0307 3.4134) (layer B.Fab)
      (effects (font (size 1 1) (thickness 0.15)) (justify mirror))
    )
    (fp_line (start 1.55 -0.9) (end -1.55 -0.9) (layer B.CrtYd) (width 0.05))
    (fp_line (start 1.55 -0.9) (end 1.55 0.9) (layer B.CrtYd) (width 0.05))
    (fp_line (start -1.55 0.9) (end -1.55 -0.9) (layer B.CrtYd) (width 0.05))
    (fp_line (start -1.55 0.9) (end 1.55 0.9) (layer B.CrtYd) (width 0.05))
    (fp_line (start -0.6 0.88) (end 0.6 0.88) (layer B.SilkS) (width 0.12))
    (fp_line (start 0.6 -0.88) (end -0.6 -0.88) (layer B.SilkS) (width 0.12))
    (fp_line (start -1 0.62) (end 1 0.62) (layer B.Fab) (width 0.1))
    (fp_line (start 1 0.62) (end 1 -0.62) (layer B.Fab) (width 0.1))
    (fp_line (start 1 -0.62) (end -1 -0.62) (layer B.Fab) (width 0.1))
    (fp_line (start -1 -0.62) (end -1 0.62) (layer B.Fab) (width 0.1))
    (fp_text user %R (at 0 0) (layer B.Fab)
      (effects (font (size 0.5 0.5) (thickness 0.075)) (justify mirror))
    )
    (pad 2 smd rect (at 0.95 0) (size 0.7 1.3) (layers B.Cu B.Paste B.Mask)
      (net 2 +3V3))
    (pad 1 smd rect (at -0.95 0) (size 0.7 1.3) (layers B.Cu B.Paste B.Mask)
      (net 5 /SCL))
    (model ${KISYS3DMOD}/Resistors_SMD.3dshapes/R_0805.wrl
      (at (xyz 0 0 0))
      (scale (xyz 1 1 1))
      (rotate (xyz 0 0 0))
    )
  )

  (module Capacitors_SMD:C_0805 (layer F.Cu) (tedit 5A3CA9D2) (tstamp 58F8DB77)
    (at 106.68 82.28 270)
    (descr "Capacitor SMD 0805, reflow soldering, AVX (see smccp.pdf)")
    (tags "capacitor 0805")
    (path /5B0F242C)
    (attr smd)
    (fp_text reference C6 (at 0 1.6 180) (layer F.SilkS)
      (effects (font (size 0.7 0.7) (thickness 0.15)))
    )
    (fp_text value 1uF (at 1.578 1.74 270) (layer F.Fab)
      (effects (font (size 1 1) (thickness 0.15)))
    )
    (fp_text user %R (at 0 -1.5 270) (layer F.Fab)
      (effects (font (size 1 1) (thickness 0.15)))
    )
    (fp_line (start -1 0.62) (end -1 -0.62) (layer F.Fab) (width 0.1))
    (fp_line (start 1 0.62) (end -1 0.62) (layer F.Fab) (width 0.1))
    (fp_line (start 1 -0.62) (end 1 0.62) (layer F.Fab) (width 0.1))
    (fp_line (start -1 -0.62) (end 1 -0.62) (layer F.Fab) (width 0.1))
    (fp_line (start 0.5 -0.85) (end -0.5 -0.85) (layer F.SilkS) (width 0.12))
    (fp_line (start -0.5 0.85) (end 0.5 0.85) (layer F.SilkS) (width 0.12))
    (fp_line (start -1.75 -0.88) (end 1.75 -0.88) (layer F.CrtYd) (width 0.05))
    (fp_line (start -1.75 -0.88) (end -1.75 0.87) (layer F.CrtYd) (width 0.05))
    (fp_line (start 1.75 0.87) (end 1.75 -0.88) (layer F.CrtYd) (width 0.05))
    (fp_line (start 1.75 0.87) (end -1.75 0.87) (layer F.CrtYd) (width 0.05))
    (pad 1 smd rect (at -1 0 270) (size 1 1.25) (layers F.Cu F.Paste F.Mask)
      (net 52 "Net-(C6-Pad1)"))
    (pad 2 smd rect (at 1 0 270) (size 1 1.25) (layers F.Cu F.Paste F.Mask)
      (net 1 GND))
    (model Capacitors_SMD.3dshapes/C_0805.wrl
      (at (xyz 0 0 0))
      (scale (xyz 1 1 1))
      (rotate (xyz 0 0 0))
    )
  )

  (module SMA:TI_BoosterPack (layer F.Cu) (tedit 5A3D8046) (tstamp 5A3D9B1A)
    (at 96 73.5)
    (descr http://processors.wiki.ti.com/index.php/BYOB)
    (tags BoosterPack)
    (path /5A3C5894)
    (fp_text reference B1 (at -3.81 3.81) (layer F.SilkS) hide
      (effects (font (size 1 1) (thickness 0.15)))
    )
    (fp_text value EXP-_MSP432P401R_BoosterPack (at 0 -3.1) (layer F.Fab)
      (effects (font (size 1 1) (thickness 0.15)))
    )
    (fp_line (start -19.85 25.05) (end -25.9 25.05) (layer F.CrtYd) (width 0.15))
    (fp_line (start -19.85 25) (end -19.85 25.05) (layer F.CrtYd) (width 0.15))
    (fp_line (start -19.85 -1.75) (end -19.85 25) (layer F.CrtYd) (width 0.15))
    (fp_line (start -25.9 -1.75) (end -19.85 -1.75) (layer F.CrtYd) (width 0.15))
    (fp_line (start -25.9 -1.75) (end -25.9 25.05) (layer F.CrtYd) (width 0.15))
    (fp_line (start 17.78 24.765) (end 17.78 1.27) (layer F.SilkS) (width 0.15))
    (fp_line (start 22.86 24.765) (end 17.78 24.765) (layer F.SilkS) (width 0.15))
    (fp_line (start 22.86 -1.27) (end 22.86 24.765) (layer F.SilkS) (width 0.15))
    (fp_line (start -25.4 24.765) (end -25.4 1.27) (layer F.SilkS) (width 0.15))
    (fp_line (start -20.32 24.765) (end -25.4 24.765) (layer F.SilkS) (width 0.15))
    (fp_line (start -20.32 -1.27) (end -20.32 24.765) (layer F.SilkS) (width 0.15))
    (fp_line (start -25.88 -1.75) (end -19.83 -1.75) (layer F.CrtYd) (width 0.05))
    (fp_line (start -20.32 -1.27) (end -22.86 -1.27) (layer F.SilkS) (width 0.15))
    (fp_line (start -24.13 -1.55) (end -25.68 -1.55) (layer F.SilkS) (width 0.15))
    (fp_line (start -22.86 -1.27) (end -22.86 1.27) (layer F.SilkS) (width 0.15))
    (fp_line (start -22.86 1.27) (end -25.4 1.27) (layer F.SilkS) (width 0.15))
    (fp_line (start -25.68 -1.55) (end -25.68 0) (layer F.SilkS) (width 0.15))
    (fp_line (start 22.86 -1.27) (end 20.32 -1.27) (layer F.SilkS) (width 0.15))
    (fp_line (start 20.32 -1.27) (end 20.32 1.27) (layer F.SilkS) (width 0.15))
    (fp_line (start 17.5 -1.55) (end 17.5 0) (layer F.SilkS) (width 0.15))
    (fp_line (start 19.05 -1.55) (end 17.5 -1.55) (layer F.SilkS) (width 0.15))
    (fp_line (start 20.32 1.27) (end 17.78 1.27) (layer F.SilkS) (width 0.15))
    (fp_line (start 17.3 -1.75) (end 23.35 -1.75) (layer F.CrtYd) (width 0.05))
    (fp_line (start 17.28 -1.75) (end 23.33 -1.75) (layer F.CrtYd) (width 0.15))
    (fp_line (start 23.33 -1.75) (end 23.33 25) (layer F.CrtYd) (width 0.15))
    (fp_line (start 23.33 25) (end 23.33 25.05) (layer F.CrtYd) (width 0.15))
    (fp_line (start 17.28 -1.75) (end 17.28 25.05) (layer F.CrtYd) (width 0.15))
    (fp_line (start 23.33 25.05) (end 17.28 25.05) (layer F.CrtYd) (width 0.15))
    (fp_line (start 17.3 -1.75) (end 23.35 -1.75) (layer F.CrtYd) (width 0.05))
    (fp_line (start 22.86 -1.27) (end 22.86 24.765) (layer F.SilkS) (width 0.15))
    (fp_line (start 22.86 -1.27) (end 20.32 -1.27) (layer F.SilkS) (width 0.15))
    (fp_line (start 17.78 24.765) (end 17.78 1.27) (layer F.SilkS) (width 0.15))
    (fp_line (start 22.86 24.765) (end 17.78 24.765) (layer F.SilkS) (width 0.15))
    (fp_line (start 17.5 -1.55) (end 17.5 0) (layer F.SilkS) (width 0.15))
    (fp_line (start 19.05 -1.55) (end 17.5 -1.55) (layer F.SilkS) (width 0.15))
    (fp_line (start 20.32 1.27) (end 17.78 1.27) (layer F.SilkS) (width 0.15))
    (fp_line (start 20.32 -1.27) (end 20.32 1.27) (layer F.SilkS) (width 0.15))
    (pad 3.3V thru_hole rect (at -24.13 0) (size 1.7272 1.7272) (drill 1.016) (layers *.Cu *.Mask F.SilkS)
      (net 2 +3V3))
    (pad 5V thru_hole oval (at -21.59 0) (size 1.7272 1.7272) (drill 1.016) (layers *.Cu *.Mask F.SilkS)
      (net 19 "Net-(B1-Pad5V)"))
    (pad P6.0 thru_hole oval (at -24.13 2.54) (size 1.7272 1.7272) (drill 1.016) (layers *.Cu *.Mask F.SilkS)
      (net 20 "Net-(B1-PadP6.0)"))
    (pad GND1 thru_hole oval (at -21.59 2.54) (size 1.7272 1.7272) (drill 1.016) (layers *.Cu *.Mask F.SilkS)
      (net 1 GND))
    (pad P3.2 thru_hole oval (at -24.13 5.08) (size 1.7272 1.7272) (drill 1.016) (layers *.Cu *.Mask F.SilkS)
      (net 21 "Net-(B1-PadP3.2)"))
    (pad P6.1 thru_hole oval (at -21.59 5.08) (size 1.7272 1.7272) (drill 1.016) (layers *.Cu *.Mask F.SilkS)
      (net 15 /A14))
    (pad P3.3 thru_hole oval (at -24.13 7.62) (size 1.7272 1.7272) (drill 1.016) (layers *.Cu *.Mask F.SilkS)
      (net 22 "Net-(B1-PadP3.3)"))
    (pad P4.0 thru_hole oval (at -21.59 7.62) (size 1.7272 1.7272) (drill 1.016) (layers *.Cu *.Mask F.SilkS)
      (net 16 /A13))
    (pad P4.1 thru_hole oval (at -24.13 10.16) (size 1.7272 1.7272) (drill 1.016) (layers *.Cu *.Mask F.SilkS)
      (net 23 "Net-(B1-PadP4.1)"))
    (pad P4.2 thru_hole oval (at -21.59 10.16) (size 1.7272 1.7272) (drill 1.016) (layers *.Cu *.Mask F.SilkS)
      (net 24 "Net-(B1-PadP4.2)"))
    (pad P4.3 thru_hole oval (at -24.13 12.7) (size 1.7272 1.7272) (drill 1.016) (layers *.Cu *.Mask F.SilkS)
      (net 25 "Net-(B1-PadP4.3)"))
    (pad P4.4 thru_hole oval (at -21.59 12.7) (size 1.7272 1.7272) (drill 1.016) (layers *.Cu *.Mask F.SilkS)
      (net 26 "Net-(B1-PadP4.4)"))
    (pad P1.5 thru_hole oval (at -24.13 15.24) (size 1.7272 1.7272) (drill 1.016) (layers *.Cu *.Mask F.SilkS)
      (net 27 "Net-(B1-PadP1.5)"))
    (pad P4.5 thru_hole oval (at -21.59 15.24) (size 1.7272 1.7272) (drill 1.016) (layers *.Cu *.Mask F.SilkS)
      (net 28 "Net-(B1-PadP4.5)"))
    (pad P4.6 thru_hole oval (at -24.13 17.78) (size 1.7272 1.7272) (drill 1.016) (layers *.Cu *.Mask F.SilkS)
      (net 29 "Net-(B1-PadP4.6)"))
    (pad P4.7 thru_hole oval (at -21.59 17.78) (size 1.7272 1.7272) (drill 1.016) (layers *.Cu *.Mask F.SilkS)
      (net 30 "Net-(B1-PadP4.7)"))
    (pad P6.5 thru_hole oval (at -24.13 20.32) (size 1.7272 1.7272) (drill 1.016) (layers *.Cu *.Mask F.SilkS)
      (net 5 /SCL))
    (pad P5.4 thru_hole oval (at -21.59 20.32) (size 1.7272 1.7272) (drill 1.016) (layers *.Cu *.Mask F.SilkS)
      (net 31 "Net-(B1-PadP5.4)"))
    (pad P6.4 thru_hole oval (at -24.13 22.86) (size 1.7272 1.7272) (drill 1.016) (layers *.Cu *.Mask F.SilkS)
      (net 6 /SDA))
    (pad P5.5 thru_hole oval (at -21.59 22.86) (size 1.7272 1.7272) (drill 1.016) (layers *.Cu *.Mask F.SilkS)
      (net 32 "Net-(B1-PadP5.5)"))
    (pad P2.3 thru_hole oval (at 19.05 15.24) (size 1.7272 1.7272) (drill 1.016) (layers *.Cu *.Mask F.SilkS)
      (net 33 "Net-(B1-PadP2.3)"))
    (pad P5.1 thru_hole oval (at 19.05 17.78) (size 1.7272 1.7272) (drill 1.016) (layers *.Cu *.Mask F.SilkS)
      (net 34 "Net-(B1-PadP5.1)"))
    (pad P6.7 thru_hole oval (at 19.05 12.7) (size 1.7272 1.7272) (drill 1.016) (layers *.Cu *.Mask F.SilkS)
      (net 35 "Net-(B1-PadP6.7)"))
    (pad P1.6 thru_hole oval (at 21.59 12.7) (size 1.7272 1.7272) (drill 1.016) (layers *.Cu *.Mask F.SilkS)
      (net 36 "Net-(B1-PadP1.6)"))
    (pad P5.0 thru_hole oval (at 21.59 17.78) (size 1.7272 1.7272) (drill 1.016) (layers *.Cu *.Mask F.SilkS)
      (net 37 "Net-(B1-PadP5.0)"))
    (pad P1.7 thru_hole oval (at 21.59 15.24) (size 1.7272 1.7272) (drill 1.016) (layers *.Cu *.Mask F.SilkS)
      (net 38 "Net-(B1-PadP1.7)"))
    (pad P6.6 thru_hole oval (at 19.05 10.16) (size 1.7272 1.7272) (drill 1.016) (layers *.Cu *.Mask F.SilkS)
      (net 39 "Net-(B1-PadP6.6)"))
    (pad P5.6 thru_hole oval (at 19.05 7.62) (size 1.7272 1.7272) (drill 1.016) (layers *.Cu *.Mask F.SilkS)
      (net 40 "Net-(B1-PadP5.6)"))
    (pad P5.7 thru_hole oval (at 21.59 7.62) (size 1.7272 1.7272) (drill 1.016) (layers *.Cu *.Mask F.SilkS)
      (net 41 "Net-(B1-PadP5.7)"))
    (pad RST thru_hole oval (at 21.59 10.16) (size 1.7272 1.7272) (drill 1.016) (layers *.Cu *.Mask F.SilkS)
      (net 42 "Net-(B1-PadRST)"))
    (pad P3.0 thru_hole oval (at 21.59 5.08) (size 1.7272 1.7272) (drill 1.016) (layers *.Cu *.Mask F.SilkS)
      (net 43 "Net-(B1-PadP3.0)"))
    (pad P2.4 thru_hole oval (at 19.05 5.08) (size 1.7272 1.7272) (drill 1.016) (layers *.Cu *.Mask F.SilkS)
      (net 44 "Net-(B1-PadP2.4)"))
    (pad P2.7 thru_hole rect (at 19.05 0) (size 1.7272 1.7272) (drill 1.016) (layers *.Cu *.Mask F.SilkS)
      (net 45 "Net-(B1-PadP2.7)"))
    (pad P2.5 thru_hole oval (at 21.59 2.54) (size 1.7272 1.7272) (drill 1.016) (layers *.Cu *.Mask F.SilkS)
      (net 46 "Net-(B1-PadP2.5)"))
    (pad P2.6 thru_hole oval (at 19.05 2.54) (size 1.7272 1.7272) (drill 1.016) (layers *.Cu *.Mask F.SilkS)
      (net 47 "Net-(B1-PadP2.6)"))
    (pad GND thru_hole oval (at 21.59 0) (size 1.7272 1.7272) (drill 1.016) (layers *.Cu *.Mask F.SilkS)
      (net 1 GND))
    (pad P3.7 thru_hole oval (at 19.05 22.86) (size 1.7272 1.7272) (drill 1.016) (layers *.Cu *.Mask F.SilkS)
      (net 48 "Net-(B1-PadP3.7)"))
    (pad P3.6 thru_hole oval (at 21.59 22.86) (size 1.7272 1.7272) (drill 1.016) (layers *.Cu *.Mask F.SilkS)
      (net 49 "Net-(B1-PadP3.6)"))
    (pad P5.2 thru_hole oval (at 21.59 20.32) (size 1.7272 1.7272) (drill 1.016) (layers *.Cu *.Mask F.SilkS)
      (net 50 "Net-(B1-PadP5.2)"))
    (pad P3.5 thru_hole oval (at 19.05 20.32) (size 1.7272 1.7272) (drill 1.016) (layers *.Cu *.Mask F.SilkS)
      (net 51 "Net-(B1-PadP3.5)"))
    (model Pin_Headers.3dshapes/Pin_Header_Straight_2x20.wrl
      (offset (xyz 1.269999980926514 -24.12999963760376 0))
      (scale (xyz 1 1 1))
      (rotate (xyz 0 0 90))
    )
  )

  (module Capacitors_SMD:C_0805 (layer F.Cu) (tedit 5A3CA965) (tstamp 5A3E106E)
    (at 83.8 79.6 270)
    (descr "Capacitor SMD 0805, reflow soldering, AVX (see smccp.pdf)")
    (tags "capacitor 0805")
    (path /5B104E46)
    (attr smd)
    (fp_text reference C8 (at 2.5 -0.25 90) (layer F.SilkS)
      (effects (font (size 0.7 0.7) (thickness 0.15)))
    )
    (fp_text value 1uF (at 0 1.75 270) (layer F.Fab)
      (effects (font (size 1 1) (thickness 0.15)))
    )
    (fp_text user %R (at 0 -1.5 270) (layer F.Fab)
      (effects (font (size 1 1) (thickness 0.15)))
    )
    (fp_line (start -1 0.62) (end -1 -0.62) (layer F.Fab) (width 0.1))
    (fp_line (start 1 0.62) (end -1 0.62) (layer F.Fab) (width 0.1))
    (fp_line (start 1 -0.62) (end 1 0.62) (layer F.Fab) (width 0.1))
    (fp_line (start -1 -0.62) (end 1 -0.62) (layer F.Fab) (width 0.1))
    (fp_line (start 0.5 -0.85) (end -0.5 -0.85) (layer F.SilkS) (width 0.12))
    (fp_line (start -0.5 0.85) (end 0.5 0.85) (layer F.SilkS) (width 0.12))
    (fp_line (start -1.75 -0.88) (end 1.75 -0.88) (layer F.CrtYd) (width 0.05))
    (fp_line (start -1.75 -0.88) (end -1.75 0.87) (layer F.CrtYd) (width 0.05))
    (fp_line (start 1.75 0.87) (end 1.75 -0.88) (layer F.CrtYd) (width 0.05))
    (fp_line (start 1.75 0.87) (end -1.75 0.87) (layer F.CrtYd) (width 0.05))
    (pad 1 smd rect (at -1 0 270) (size 1 1.25) (layers F.Cu F.Paste F.Mask)
      (net 53 "Net-(C8-Pad1)"))
    (pad 2 smd rect (at 1 0 270) (size 1 1.25) (layers F.Cu F.Paste F.Mask)
      (net 1 GND))
    (model Capacitors_SMD.3dshapes/C_0805.wrl
      (at (xyz 0 0 0))
      (scale (xyz 1 1 1))
      (rotate (xyz 0 0 0))
    )
  )

  (module Capacitors_SMD:C_0805 (layer F.Cu) (tedit 5A5BB02F) (tstamp 58F8DB22)
    (at 107.9 92.75 90)
    (descr "Capacitor SMD 0805, reflow soldering, AVX (see smccp.pdf)")
    (tags "capacitor 0805")
    (path /58F0F34B)
    (attr smd)
    (fp_text reference C1 (at 0 -1.7 180) (layer F.SilkS)
      (effects (font (size 0.7 0.7) (thickness 0.15)))
    )
    (fp_text value 1.0uF (at 0 1.75 90) (layer F.Fab)
      (effects (font (size 1 1) (thickness 0.15)))
    )
    (fp_line (start 1.75 0.87) (end -1.75 0.87) (layer F.CrtYd) (width 0.05))
    (fp_line (start 1.75 0.87) (end 1.75 -0.88) (layer F.CrtYd) (width 0.05))
    (fp_line (start -1.75 -0.88) (end -1.75 0.87) (layer F.CrtYd) (width 0.05))
    (fp_line (start -1.75 -0.88) (end 1.75 -0.88) (layer F.CrtYd) (width 0.05))
    (fp_line (start -0.5 0.85) (end 0.5 0.85) (layer F.SilkS) (width 0.12))
    (fp_line (start 0.5 -0.85) (end -0.5 -0.85) (layer F.SilkS) (width 0.12))
    (fp_line (start -1 -0.62) (end 1 -0.62) (layer F.Fab) (width 0.1))
    (fp_line (start 1 -0.62) (end 1 0.62) (layer F.Fab) (width 0.1))
    (fp_line (start 1 0.62) (end -1 0.62) (layer F.Fab) (width 0.1))
    (fp_line (start -1 0.62) (end -1 -0.62) (layer F.Fab) (width 0.1))
    (fp_text user %R (at 0 -1.5 90) (layer F.Fab)
      (effects (font (size 1 1) (thickness 0.15)))
    )
    (pad 2 smd rect (at 1 0 90) (size 1 1.25) (layers F.Cu F.Paste F.Mask)
      (net 17 "Net-(C1-Pad2)"))
    (pad 1 smd rect (at -1 0 90) (size 1 1.25) (layers F.Cu F.Paste F.Mask)
      (net 12 "Net-(C1-Pad1)"))
    (model Capacitors_SMD.3dshapes/C_0805.wrl
      (at (xyz 0 0 0))
      (scale (xyz 1 1 1))
      (rotate (xyz 0 0 0))
    )
  )

  (module Capacitors_SMD:C_0805 (layer F.Cu) (tedit 5A3C81B7) (tstamp 58F8DB33)
    (at 100.25 83 90)
    (descr "Capacitor SMD 0805, reflow soldering, AVX (see smccp.pdf)")
    (tags "capacitor 0805")
    (path /58ED63FA)
    (attr smd)
    (fp_text reference C2 (at -2.4 0.1 180) (layer F.SilkS)
      (effects (font (size 0.7 0.7) (thickness 0.15)))
    )
    (fp_text value .1uf (at 0 1.75 90) (layer F.Fab)
      (effects (font (size 1 1) (thickness 0.15)))
    )
    (fp_line (start 1.75 0.87) (end -1.75 0.87) (layer F.CrtYd) (width 0.05))
    (fp_line (start 1.75 0.87) (end 1.75 -0.88) (layer F.CrtYd) (width 0.05))
    (fp_line (start -1.75 -0.88) (end -1.75 0.87) (layer F.CrtYd) (width 0.05))
    (fp_line (start -1.75 -0.88) (end 1.75 -0.88) (layer F.CrtYd) (width 0.05))
    (fp_line (start -0.5 0.85) (end 0.5 0.85) (layer F.SilkS) (width 0.12))
    (fp_line (start 0.5 -0.85) (end -0.5 -0.85) (layer F.SilkS) (width 0.12))
    (fp_line (start -1 -0.62) (end 1 -0.62) (layer F.Fab) (width 0.1))
    (fp_line (start 1 -0.62) (end 1 0.62) (layer F.Fab) (width 0.1))
    (fp_line (start 1 0.62) (end -1 0.62) (layer F.Fab) (width 0.1))
    (fp_line (start -1 0.62) (end -1 -0.62) (layer F.Fab) (width 0.1))
    (fp_text user %R (at 0.089 -1.768 90) (layer F.Fab)
      (effects (font (size 1 1) (thickness 0.15)))
    )
    (pad 2 smd rect (at 1 0 90) (size 1 1.25) (layers F.Cu F.Paste F.Mask)
      (net 2 +3V3))
    (pad 1 smd rect (at -1 0 90) (size 1 1.25) (layers F.Cu F.Paste F.Mask)
      (net 1 GND))
    (model Capacitors_SMD.3dshapes/C_0805.wrl
      (at (xyz 0 0 0))
      (scale (xyz 1 1 1))
      (rotate (xyz 0 0 0))
    )
  )

  (module Capacitors_SMD:C_0805 (layer B.Cu) (tedit 5A5BAFA8) (tstamp 58F8DB44)
    (at 77.4 74.7 270)
    (descr "Capacitor SMD 0805, reflow soldering, AVX (see smccp.pdf)")
    (tags "capacitor 0805")
    (path /58F68F00)
    (attr smd)
    (fp_text reference C3 (at 0.1 1.75 180) (layer B.SilkS)
      (effects (font (size 0.7 0.7) (thickness 0.15)) (justify mirror))
    )
    (fp_text value 10uF (at 0 -1.75 270) (layer B.Fab)
      (effects (font (size 1 1) (thickness 0.15)) (justify mirror))
    )
    (fp_line (start 1.75 -0.87) (end -1.75 -0.87) (layer B.CrtYd) (width 0.05))
    (fp_line (start 1.75 -0.87) (end 1.75 0.88) (layer B.CrtYd) (width 0.05))
    (fp_line (start -1.75 0.88) (end -1.75 -0.87) (layer B.CrtYd) (width 0.05))
    (fp_line (start -1.75 0.88) (end 1.75 0.88) (layer B.CrtYd) (width 0.05))
    (fp_line (start -0.5 -0.85) (end 0.5 -0.85) (layer B.SilkS) (width 0.12))
    (fp_line (start 0.5 0.85) (end -0.5 0.85) (layer B.SilkS) (width 0.12))
    (fp_line (start -1 0.62) (end 1 0.62) (layer B.Fab) (width 0.1))
    (fp_line (start 1 0.62) (end 1 -0.62) (layer B.Fab) (width 0.1))
    (fp_line (start 1 -0.62) (end -1 -0.62) (layer B.Fab) (width 0.1))
    (fp_line (start -1 -0.62) (end -1 0.62) (layer B.Fab) (width 0.1))
    (fp_text user %R (at 0 1.5 270) (layer B.Fab)
      (effects (font (size 1 1) (thickness 0.15)) (justify mirror))
    )
    (pad 2 smd rect (at 1 0 270) (size 1 1.25) (layers B.Cu B.Paste B.Mask)
      (net 1 GND))
    (pad 1 smd rect (at -1 0 270) (size 1 1.25) (layers B.Cu B.Paste B.Mask)
      (net 2 +3V3))
    (model Capacitors_SMD.3dshapes/C_0805.wrl
      (at (xyz 0 0 0))
      (scale (xyz 1 1 1))
      (rotate (xyz 0 0 0))
    )
  )

  (module Capacitors_SMD:C_0805 (layer F.Cu) (tedit 5A5BB012) (tstamp 58F8DB55)
    (at 82.15 92.9 270)
    (descr "Capacitor SMD 0805, reflow soldering, AVX (see smccp.pdf)")
    (tags "capacitor 0805")
    (path /58ECE88F)
    (attr smd)
    (fp_text reference C4 (at 0 -1.8) (layer F.SilkS)
      (effects (font (size 0.7 0.7) (thickness 0.15)))
    )
    (fp_text value 1.0uF (at 0 1.75 270) (layer F.Fab)
      (effects (font (size 1 1) (thickness 0.15)))
    )
    (fp_text user %R (at 0 -1.5 270) (layer F.Fab)
      (effects (font (size 1 1) (thickness 0.15)))
    )
    (fp_line (start -1 0.62) (end -1 -0.62) (layer F.Fab) (width 0.1))
    (fp_line (start 1 0.62) (end -1 0.62) (layer F.Fab) (width 0.1))
    (fp_line (start 1 -0.62) (end 1 0.62) (layer F.Fab) (width 0.1))
    (fp_line (start -1 -0.62) (end 1 -0.62) (layer F.Fab) (width 0.1))
    (fp_line (start 0.5 -0.85) (end -0.5 -0.85) (layer F.SilkS) (width 0.12))
    (fp_line (start -0.5 0.85) (end 0.5 0.85) (layer F.SilkS) (width 0.12))
    (fp_line (start -1.75 -0.88) (end 1.75 -0.88) (layer F.CrtYd) (width 0.05))
    (fp_line (start -1.75 -0.88) (end -1.75 0.87) (layer F.CrtYd) (width 0.05))
    (fp_line (start 1.75 0.87) (end 1.75 -0.88) (layer F.CrtYd) (width 0.05))
    (fp_line (start 1.75 0.87) (end -1.75 0.87) (layer F.CrtYd) (width 0.05))
    (pad 1 smd rect (at -1 0 270) (size 1 1.25) (layers F.Cu F.Paste F.Mask)
      (net 3 /Test_In))
    (pad 2 smd rect (at 1 0 270) (size 1 1.25) (layers F.Cu F.Paste F.Mask)
      (net 13 "Net-(C4-Pad2)"))
    (model Capacitors_SMD.3dshapes/C_0805.wrl
      (at (xyz 0 0 0))
      (scale (xyz 1 1 1))
      (rotate (xyz 0 0 0))
    )
  )

  (module Capacitors_SMD:C_0805 (layer F.Cu) (tedit 5A3C8197) (tstamp 5A5AED44)
    (at 95.25 86.63 90)
    (descr "Capacitor SMD 0805, reflow soldering, AVX (see smccp.pdf)")
    (tags "capacitor 0805")
    (path /58F4B920)
    (attr smd)
    (fp_text reference C5 (at 2.55 0.4 -90) (layer F.SilkS)
      (effects (font (size 0.7 0.7) (thickness 0.15)))
    )
    (fp_text value .1uF (at -3.4078 -0.3889 90) (layer F.Fab)
      (effects (font (size 1 1) (thickness 0.15)))
    )
    (fp_text user %R (at -0.9078 -1.6639 90) (layer F.Fab)
      (effects (font (size 1 1) (thickness 0.15)))
    )
    (fp_line (start -1 0.62) (end -1 -0.62) (layer F.Fab) (width 0.1))
    (fp_line (start 1 0.62) (end -1 0.62) (layer F.Fab) (width 0.1))
    (fp_line (start 1 -0.62) (end 1 0.62) (layer F.Fab) (width 0.1))
    (fp_line (start -1 -0.62) (end 1 -0.62) (layer F.Fab) (width 0.1))
    (fp_line (start 0.5 -0.85) (end -0.5 -0.85) (layer F.SilkS) (width 0.12))
    (fp_line (start -0.5 0.85) (end 0.5 0.85) (layer F.SilkS) (width 0.12))
    (fp_line (start -1.75 -0.88) (end 1.75 -0.88) (layer F.CrtYd) (width 0.05))
    (fp_line (start -1.75 -0.88) (end -1.75 0.87) (layer F.CrtYd) (width 0.05))
    (fp_line (start 1.75 0.87) (end 1.75 -0.88) (layer F.CrtYd) (width 0.05))
    (fp_line (start 1.75 0.87) (end -1.75 0.87) (layer F.CrtYd) (width 0.05))
    (pad 1 smd rect (at -1 0 90) (size 1 1.25) (layers F.Cu F.Paste F.Mask)
      (net 1 GND))
    (pad 2 smd rect (at 1 0 90) (size 1 1.25) (layers F.Cu F.Paste F.Mask)
      (net 2 +3V3))
    (model Capacitors_SMD.3dshapes/C_0805.wrl
      (at (xyz 0 0 0))
      (scale (xyz 1 1 1))
      (rotate (xyz 0 0 0))
    )
  )

  (module Capacitors_SMD:C_0805 (layer F.Cu) (tedit 5A3C7C07) (tstamp 58F8DB88)
    (at 98.275 93.375 270)
    (descr "Capacitor SMD 0805, reflow soldering, AVX (see smccp.pdf)")
    (tags "capacitor 0805")
    (path /58EC6DBD)
    (attr smd)
    (fp_text reference C7 (at -0.1 1.6 270) (layer F.SilkS)
      (effects (font (size 0.7 0.7) (thickness 0.15)))
    )
    (fp_text value .005uF (at 0 1.75 270) (layer F.Fab)
      (effects (font (size 1 1) (thickness 0.15)))
    )
    (fp_text user %R (at 0 -1.5 270) (layer F.Fab)
      (effects (font (size 1 1) (thickness 0.15)))
    )
    (fp_line (start -1 0.62) (end -1 -0.62) (layer F.Fab) (width 0.1))
    (fp_line (start 1 0.62) (end -1 0.62) (layer F.Fab) (width 0.1))
    (fp_line (start 1 -0.62) (end 1 0.62) (layer F.Fab) (width 0.1))
    (fp_line (start -1 -0.62) (end 1 -0.62) (layer F.Fab) (width 0.1))
    (fp_line (start 0.5 -0.85) (end -0.5 -0.85) (layer F.SilkS) (width 0.12))
    (fp_line (start -0.5 0.85) (end 0.5 0.85) (layer F.SilkS) (width 0.12))
    (fp_line (start -1.75 -0.88) (end 1.75 -0.88) (layer F.CrtYd) (width 0.05))
    (fp_line (start -1.75 -0.88) (end -1.75 0.87) (layer F.CrtYd) (width 0.05))
    (fp_line (start 1.75 0.87) (end 1.75 -0.88) (layer F.CrtYd) (width 0.05))
    (fp_line (start 1.75 0.87) (end -1.75 0.87) (layer F.CrtYd) (width 0.05))
    (pad 1 smd rect (at -1 0 270) (size 1 1.25) (layers F.Cu F.Paste F.Mask)
      (net 11 "Net-(C7-Pad1)"))
    (pad 2 smd rect (at 1 0 270) (size 1 1.25) (layers F.Cu F.Paste F.Mask)
      (net 1 GND))
    (model Capacitors_SMD.3dshapes/C_0805.wrl
      (at (xyz 0 0 0))
      (scale (xyz 1 1 1))
      (rotate (xyz 0 0 0))
    )
  )

  (module Capacitors_SMD:C_0805 (layer F.Cu) (tedit 5A3C7C4E) (tstamp 58F8DBAA)
    (at 90.95 83.6 180)
    (descr "Capacitor SMD 0805, reflow soldering, AVX (see smccp.pdf)")
    (tags "capacitor 0805")
    (path /58EC72CD)
    (attr smd)
    (fp_text reference C9 (at 0.05 1.65 270) (layer F.SilkS)
      (effects (font (size 0.7 0.7) (thickness 0.15)))
    )
    (fp_text value .005uF (at 0 1.75 180) (layer F.Fab)
      (effects (font (size 1 1) (thickness 0.15)))
    )
    (fp_line (start 1.75 0.87) (end -1.75 0.87) (layer F.CrtYd) (width 0.05))
    (fp_line (start 1.75 0.87) (end 1.75 -0.88) (layer F.CrtYd) (width 0.05))
    (fp_line (start -1.75 -0.88) (end -1.75 0.87) (layer F.CrtYd) (width 0.05))
    (fp_line (start -1.75 -0.88) (end 1.75 -0.88) (layer F.CrtYd) (width 0.05))
    (fp_line (start -0.5 0.85) (end 0.5 0.85) (layer F.SilkS) (width 0.12))
    (fp_line (start 0.5 -0.85) (end -0.5 -0.85) (layer F.SilkS) (width 0.12))
    (fp_line (start -1 -0.62) (end 1 -0.62) (layer F.Fab) (width 0.1))
    (fp_line (start 1 -0.62) (end 1 0.62) (layer F.Fab) (width 0.1))
    (fp_line (start 1 0.62) (end -1 0.62) (layer F.Fab) (width 0.1))
    (fp_line (start -1 0.62) (end -1 -0.62) (layer F.Fab) (width 0.1))
    (fp_text user %R (at 0 -1.5 180) (layer F.Fab)
      (effects (font (size 1 1) (thickness 0.15)))
    )
    (pad 2 smd rect (at 1 0 180) (size 1 1.25) (layers F.Cu F.Paste F.Mask)
      (net 1 GND))
    (pad 1 smd rect (at -1 0 180) (size 1 1.25) (layers F.Cu F.Paste F.Mask)
      (net 14 "Net-(C9-Pad1)"))
    (model Capacitors_SMD.3dshapes/C_0805.wrl
      (at (xyz 0 0 0))
      (scale (xyz 1 1 1))
      (rotate (xyz 0 0 0))
    )
  )

  (module Capacitors_SMD:C_0805 (layer F.Cu) (tedit 5A3CA959) (tstamp 58F8DBBB)
    (at 106.68 78.105 90)
    (descr "Capacitor SMD 0805, reflow soldering, AVX (see smccp.pdf)")
    (tags "capacitor 0805")
    (path /5B0F24DE)
    (attr smd)
    (fp_text reference C10 (at -2.1 0.05 -180) (layer F.SilkS)
      (effects (font (size 0.7 0.7) (thickness 0.15)))
    )
    (fp_text value .68uF (at 3.477 -0.17 90) (layer F.Fab)
      (effects (font (size 1 1) (thickness 0.15)))
    )
    (fp_line (start 1.75 0.87) (end -1.75 0.87) (layer F.CrtYd) (width 0.05))
    (fp_line (start 1.75 0.87) (end 1.75 -0.88) (layer F.CrtYd) (width 0.05))
    (fp_line (start -1.75 -0.88) (end -1.75 0.87) (layer F.CrtYd) (width 0.05))
    (fp_line (start -1.75 -0.88) (end 1.75 -0.88) (layer F.CrtYd) (width 0.05))
    (fp_line (start -0.5 0.85) (end 0.5 0.85) (layer F.SilkS) (width 0.12))
    (fp_line (start 0.5 -0.85) (end -0.5 -0.85) (layer F.SilkS) (width 0.12))
    (fp_line (start -1 -0.62) (end 1 -0.62) (layer F.Fab) (width 0.1))
    (fp_line (start 1 -0.62) (end 1 0.62) (layer F.Fab) (width 0.1))
    (fp_line (start 1 0.62) (end -1 0.62) (layer F.Fab) (width 0.1))
    (fp_line (start -1 0.62) (end -1 -0.62) (layer F.Fab) (width 0.1))
    (fp_text user %R (at 1.077 -1.745 90) (layer F.Fab)
      (effects (font (size 1 1) (thickness 0.15)))
    )
    (pad 2 smd rect (at 1 0 90) (size 1 1.25) (layers F.Cu F.Paste F.Mask)
      (net 1 GND))
    (pad 1 smd rect (at -1 0 90) (size 1 1.25) (layers F.Cu F.Paste F.Mask)
      (net 54 "Net-(C10-Pad1)"))
    (model Capacitors_SMD.3dshapes/C_0805.wrl
      (at (xyz 0 0 0))
      (scale (xyz 1 1 1))
      (rotate (xyz 0 0 0))
    )
  )

  (module Capacitors_SMD:C_0805 (layer F.Cu) (tedit 5A5BD506) (tstamp 58F8DBCC)
    (at 93.1 72.35 270)
    (descr "Capacitor SMD 0805, reflow soldering, AVX (see smccp.pdf)")
    (tags "capacitor 0805")
    (path /58F654B3)
    (attr smd)
    (fp_text reference C11 (at 1.2 -1.6 90) (layer F.SilkS)
      (effects (font (size 0.7 0.7) (thickness 0.15)))
    )
    (fp_text value 0pF (at 0 1.75 270) (layer F.Fab)
      (effects (font (size 1 1) (thickness 0.15)))
    )
    (fp_line (start 1.75 0.87) (end -1.75 0.87) (layer F.CrtYd) (width 0.05))
    (fp_line (start 1.75 0.87) (end 1.75 -0.88) (layer F.CrtYd) (width 0.05))
    (fp_line (start -1.75 -0.88) (end -1.75 0.87) (layer F.CrtYd) (width 0.05))
    (fp_line (start -1.75 -0.88) (end 1.75 -0.88) (layer F.CrtYd) (width 0.05))
    (fp_line (start -0.5 0.85) (end 0.5 0.85) (layer F.SilkS) (width 0.12))
    (fp_line (start 0.5 -0.85) (end -0.5 -0.85) (layer F.SilkS) (width 0.12))
    (fp_line (start -1 -0.62) (end 1 -0.62) (layer F.Fab) (width 0.1))
    (fp_line (start 1 -0.62) (end 1 0.62) (layer F.Fab) (width 0.1))
    (fp_line (start 1 0.62) (end -1 0.62) (layer F.Fab) (width 0.1))
    (fp_line (start -1 0.62) (end -1 -0.62) (layer F.Fab) (width 0.1))
    (fp_text user %R (at 0 -1.5 270) (layer F.Fab)
      (effects (font (size 1 1) (thickness 0.15)))
    )
    (pad 2 smd rect (at 1 0 270) (size 1 1.25) (layers F.Cu F.Paste F.Mask)
      (net 1 GND))
    (pad 1 smd rect (at -1 0 270) (size 1 1.25) (layers F.Cu F.Paste F.Mask)
      (net 18 "Net-(A_GND1-Pad1)"))
    (model Capacitors_SMD.3dshapes/C_0805.wrl
      (at (xyz 0 0 0))
      (scale (xyz 1 1 1))
      (rotate (xyz 0 0 0))
    )
  )

  (module SMA:SMA_EDGE (layer F.Cu) (tedit 53B19377) (tstamp 58F8DD72)
    (at 108 106.05 270)
    (path /5A466310)
    (fp_text reference P1 (at -11.1 5.9) (layer F.SilkS)
      (effects (font (size 0.524 0.524) (thickness 0.131)))
    )
    (fp_text value Output (at 1.016 4.572 270) (layer F.SilkS) hide
      (effects (font (size 0.524 0.524) (thickness 0.131)))
    )
    (fp_line (start -3.048 -3.048) (end -2.54 -3.556) (layer F.SilkS) (width 0.15))
    (fp_line (start -5.08 -3.048) (end -3.048 -3.048) (layer F.SilkS) (width 0.15))
    (fp_line (start -5.08 -4.572) (end -5.08 -3.048) (layer F.SilkS) (width 0.15))
    (fp_line (start -6.096 -4.572) (end -5.08 -4.572) (layer F.SilkS) (width 0.15))
    (fp_line (start -6.096 4.572) (end -6.096 -4.572) (layer F.SilkS) (width 0.15))
    (fp_line (start -5.08 4.572) (end -6.096 4.572) (layer F.SilkS) (width 0.15))
    (fp_line (start -5.08 2.54) (end -5.08 4.572) (layer F.SilkS) (width 0.15))
    (fp_line (start -3.048 2.54) (end -5.08 2.54) (layer F.SilkS) (width 0.15))
    (fp_line (start -2.54 3.048) (end -3.048 2.54) (layer F.SilkS) (width 0.15))
    (fp_line (start 0.508 -3.556) (end 1.016 -3.048) (layer F.SilkS) (width 0.15))
    (fp_line (start 0 -3.048) (end 0.508 -3.556) (layer F.SilkS) (width 0.15))
    (fp_line (start -0.508 -3.556) (end 0 -3.048) (layer F.SilkS) (width 0.15))
    (fp_line (start -1.016 -3.048) (end -0.508 -3.556) (layer F.SilkS) (width 0.15))
    (fp_line (start -1.524 -3.556) (end -1.016 -3.048) (layer F.SilkS) (width 0.15))
    (fp_line (start -2.032 -3.048) (end -1.524 -3.556) (layer F.SilkS) (width 0.15))
    (fp_line (start -2.54 -3.556) (end -2.032 -3.048) (layer F.SilkS) (width 0.15))
    (fp_line (start -2.032 2.54) (end -2.54 3.048) (layer F.SilkS) (width 0.15))
    (fp_line (start -1.524 3.048) (end -2.032 2.54) (layer F.SilkS) (width 0.15))
    (fp_line (start -1.016 2.54) (end -1.524 3.048) (layer F.SilkS) (width 0.15))
    (fp_line (start -0.508 3.048) (end -1.016 2.54) (layer F.SilkS) (width 0.15))
    (fp_line (start 0 2.54) (end -0.508 3.048) (layer F.SilkS) (width 0.15))
    (fp_line (start 0.508 3.048) (end 0 2.54) (layer F.SilkS) (width 0.15))
    (fp_line (start 1.016 2.54) (end 0.508 3.048) (layer F.SilkS) (width 0.15))
    (fp_line (start 1.016 -3.048) (end 1.016 2.54) (layer F.SilkS) (width 0.15))
    (pad 2 connect rect (at -8.89 3.16484 270) (size 4.572 3.302) (layers F.Cu F.Mask)
      (net 1 GND))
    (pad 2 connect rect (at -8.89 -3.16484 270) (size 4.572 3.302) (layers B.Cu B.Mask)
      (net 1 GND))
    (pad 1 connect rect (at -9.144 0 270) (size 4.07162 1.99898) (layers F.Cu F.Mask)
      (net 12 "Net-(C1-Pad1)"))
    (pad 2 connect rect (at -8.89 3.16484 270) (size 4.572 3.302) (layers B.Cu B.Mask)
      (net 1 GND))
    (pad 1 connect trapezoid (at -6.958 -0.08 270) (size 0.50038 1.39954) (rect_delta 0.59944 0 ) (layers F.Cu F.Mask)
      (net 12 "Net-(C1-Pad1)"))
    (pad 2 connect rect (at -8.89 -3.16484 270) (size 4.572 3.302) (layers F.Cu F.Mask)
      (net 1 GND))
    (model SMA_EDGE.wrl
