(kicad_pcb (version 20171130) (host pcbnew "(5.0.0-rc2-67-gd3c41dd)")

  (general
    (thickness 1.6)
    (drawings 7)
    (tracks 2)
    (zones 0)
    (modules 64)
    (nets 72)
  )

  (page A4)
  (layers
    (0 F.Cu signal)
    (31 B.Cu signal)
    (33 F.Adhes user)
    (34 B.Paste user)
    (35 F.Paste user)
    (36 B.SilkS user)
    (37 F.SilkS user)
    (38 B.Mask user)
    (39 F.Mask user)
    (40 Dwgs.User user)
    (41 Cmts.User user)
    (42 Eco1.User user)
    (43 Eco2.User user)
    (44 Edge.Cuts user)
    (45 Margin user)
    (47 F.CrtYd user)
    (49 F.Fab user)
  )

  (setup
    (last_trace_width 0.25)
    (user_trace_width 0.7)
    (user_trace_width 1)
    (trace_clearance 0.2)
    (zone_clearance 0.508)
    (zone_45_only no)
    (trace_min 0)
    (segment_width 0.2)
    (edge_width 0.15)
    (via_size 0.8)
    (via_drill 0.4)
    (via_min_size 0.4)
    (via_min_drill 0.3)
    (uvia_size 0.3)
    (uvia_drill 0.1)
    (uvias_allowed no)
    (uvia_min_size 0.2)
    (uvia_min_drill 0.1)
    (pcb_text_width 0.3)
    (pcb_text_size 1.5 1.5)
    (mod_edge_width 0.15)
    (mod_text_size 1 1)
    (mod_text_width 0.15)
    (pad_size 1.524 1.524)
    (pad_drill 0.762)
    (pad_to_mask_clearance 0.2)
    (aux_axis_origin 0 0)
    (visible_elements FFFFF7FF)
    (pcbplotparams
      (layerselection 0x010fc_ffffffff)
      (usegerberextensions false)
      (usegerberattributes false)
      (usegerberadvancedattributes false)
      (creategerberjobfile false)
      (excludeedgelayer true)
      (linewidth 0.100000)
      (plotframeref false)
      (viasonmask false)
      (mode 1)
      (useauxorigin false)
      (hpglpennumber 1)
      (hpglpenspeed 20)
      (hpglpendiameter 15.000000)
      (psnegative false)
      (psa4output false)
      (plotreference true)
      (plotvalue true)
      (plotinvisibletext false)
      (padsonsilk false)
      (subtractmaskfromsilk false)
      (outputformat 1)
      (mirror false)
      (drillshape 0)
      (scaleselection 1)
      (outputdirectory Gerbers_v04))
  )

  (net 0 "")
  (net 1 GND)
  (net 2 +3V3)
  (net 3 /Test_In)
  (net 4 /Ref_In)
  (net 5 /SCL)
  (net 6 /SDA)
  (net 7 /LO_I)
  (net 8 /LO_Q)
  (net 9 "Net-(U1-Pad2)")
  (net 10 "Net-(U1-Pad3)")
  (net 11 "Net-(C7-Pad1)")
  (net 12 "Net-(C1-Pad1)")
  (net 13 "Net-(C4-Pad2)")
  (net 14 "Net-(C9-Pad1)")
  (net 15 /A14)
  (net 16 /A13)
  (net 17 "Net-(R4-Pad2)")
  (net 18 "Net-(C1-Pad2)")
  (net 19 "Net-(A_GND1-Pad1)")
  (net 20 "Net-(B1-Pad5V)")
  (net 21 "Net-(B1-PadP6.0)")
  (net 22 "Net-(B1-PadP3.2)")
  (net 23 "Net-(B1-PadP3.3)")
  (net 24 "Net-(B1-PadP4.1)")
  (net 25 "Net-(B1-PadP4.2)")
  (net 26 "Net-(B1-PadP4.3)")
  (net 27 "Net-(B1-PadP4.4)")
  (net 28 "Net-(B1-PadP1.5)")
  (net 29 "Net-(B1-PadP4.5)")
  (net 30 "Net-(B1-PadP4.6)")
  (net 31 "Net-(B1-PadP4.7)")
  (net 32 "Net-(B1-PadP5.4)")
  (net 33 "Net-(B1-PadP5.5)")
  (net 34 "Net-(B1-PadP2.3)")
  (net 35 "Net-(B1-PadP5.1)")
  (net 36 "Net-(B1-PadP6.7)")
  (net 37 "Net-(B1-PadP1.6)")
  (net 38 "Net-(B1-PadP5.0)")
  (net 39 "Net-(B1-PadP1.7)")
  (net 40 "Net-(B1-PadP6.6)")
  (net 41 "Net-(B1-PadP5.6)")
  (net 42 "Net-(B1-PadP5.7)")
  (net 43 "Net-(B1-PadRST)")
  (net 44 "Net-(B1-PadP3.0)")
  (net 45 "Net-(B1-PadP2.4)")
  (net 46 "Net-(B1-PadP2.7)")
  (net 47 "Net-(B1-PadP2.5)")
  (net 48 "Net-(B1-PadP2.6)")
  (net 49 "Net-(B1-PadP3.7)")
  (net 50 "Net-(B1-PadP3.6)")
  (net 51 "Net-(B1-PadP5.2)")
  (net 52 "Net-(B1-PadP3.5)")
  (net 53 "Net-(C6-Pad1)")
  (net 54 "Net-(C8-Pad1)")
  (net 55 "Net-(C10-Pad1)")
  (net 56 "Net-(C12-Pad1)")
  (net 57 "Net-(C13-Pad1)")
  (net 58 "Net-(C14-Pad1)")
  (net 59 "Net-(R7-Pad2)")
  (net 60 "Net-(15nF1-Pad2)")
  (net 61 "Net-(15nF2-Pad2)")
  (net 62 "Net-(1nF1-Pad2)")
  (net 63 "Net-(1nF1-Pad1)")
  (net 64 "Net-(1nF2-Pad2)")
  (net 65 "Net-(1nF2-Pad1)")
  (net 66 "Net-(1nF3-Pad2)")
  (net 67 "Net-(1nF4-Pad2)")
  (net 68 "Net-(C15-Pad1)")
  (net 69 "Net-(C18-Pad2)")
  (net 70 "Net-(JP_Ref1-Pad2)")
  (net 71 "Net-(JP_Test1-Pad2)")

  (net_class Default "This is the default net class."
    (clearance 0.2)
    (trace_width 0.25)
    (via_dia 0.8)
    (via_drill 0.4)
    (uvia_dia 0.3)
    (uvia_drill 0.1)
    (add_net /A13)
    (add_net /A14)
    (add_net /Ref_In)
    (add_net /SCL)
    (add_net /SDA)
    (add_net "Net-(15nF1-Pad2)")
    (add_net "Net-(15nF2-Pad2)")
    (add_net "Net-(1nF1-Pad1)")
    (add_net "Net-(1nF1-Pad2)")
    (add_net "Net-(1nF2-Pad1)")
    (add_net "Net-(1nF2-Pad2)")
    (add_net "Net-(1nF3-Pad2)")
    (add_net "Net-(1nF4-Pad2)")
    (add_net "Net-(A_GND1-Pad1)")
    (add_net "Net-(B1-Pad5V)")
    (add_net "Net-(B1-PadP1.5)")
    (add_net "Net-(B1-PadP1.6)")
    (add_net "Net-(B1-PadP1.7)")
    (add_net "Net-(B1-PadP2.3)")
    (add_net "Net-(B1-PadP2.4)")
    (add_net "Net-(B1-PadP2.5)")
    (add_net "Net-(B1-PadP2.6)")
    (add_net "Net-(B1-PadP2.7)")
    (add_net "Net-(B1-PadP3.0)")
    (add_net "Net-(B1-PadP3.2)")
    (add_net "Net-(B1-PadP3.3)")
    (add_net "Net-(B1-PadP3.5)")
    (add_net "Net-(B1-PadP3.6)")
    (add_net "Net-(B1-PadP3.7)")
    (add_net "Net-(B1-PadP4.1)")
    (add_net "Net-(B1-PadP4.2)")
    (add_net "Net-(B1-PadP4.3)")
    (add_net "Net-(B1-PadP4.4)")
    (add_net "Net-(B1-PadP4.5)")
    (add_net "Net-(B1-PadP4.6)")
    (add_net "Net-(B1-PadP4.7)")
    (add_net "Net-(B1-PadP5.0)")
    (add_net "Net-(B1-PadP5.1)")
    (add_net "Net-(B1-PadP5.2)")
    (add_net "Net-(B1-PadP5.4)")
    (add_net "Net-(B1-PadP5.5)")
    (add_net "Net-(B1-PadP5.6)")
    (add_net "Net-(B1-PadP5.7)")
    (add_net "Net-(B1-PadP6.0)")
    (add_net "Net-(B1-PadP6.6)")
    (add_net "Net-(B1-PadP6.7)")
    (add_net "Net-(B1-PadRST)")
    (add_net "Net-(C1-Pad1)")
    (add_net "Net-(C1-Pad2)")
    (add_net "Net-(C10-Pad1)")
    (add_net "Net-(C12-Pad1)")
    (add_net "Net-(C13-Pad1)")
    (add_net "Net-(C14-Pad1)")
    (add_net "Net-(C15-Pad1)")
    (add_net "Net-(C18-Pad2)")
    (add_net "Net-(C4-Pad2)")
    (add_net "Net-(C6-Pad1)")
    (add_net "Net-(C7-Pad1)")
    (add_net "Net-(C8-Pad1)")
    (add_net "Net-(C9-Pad1)")
    (add_net "Net-(JP_Ref1-Pad2)")
    (add_net "Net-(JP_Test1-Pad2)")
    (add_net "Net-(R4-Pad2)")
    (add_net "Net-(R7-Pad2)")
    (add_net "Net-(U1-Pad2)")
    (add_net "Net-(U1-Pad3)")
  )

  (net_class power ""
    (clearance 0.2)
    (trace_width 0.4)
    (via_dia 0.8)
    (via_drill 0.4)
    (uvia_dia 0.3)
    (uvia_drill 0.1)
  )

  (net_class skinny ""
    (clearance 0.2)
    (trace_width 0.17)
    (via_dia 0.8)
    (via_drill 0.4)
    (uvia_dia 0.3)
    (uvia_drill 0.1)
    (add_net +3V3)
    (add_net /LO_I)
    (add_net /LO_Q)
    (add_net /Test_In)
    (add_net GND)
  )

  (module Capacitors_SMD:C_0805 (layer F.Cu) (tedit 5A3CA965) (tstamp 5A3E106E)
    (at 82.55 76.2 180)
    (descr "Capacitor SMD 0805, reflow soldering, AVX (see smccp.pdf)")
    (tags "capacitor 0805")
    (path /5A52446A)
    (attr smd)
    (fp_text reference C8 (at 2.5 -0.25) (layer F.SilkS)
      (effects (font (size 0.7 0.7) (thickness 0.15)))
    )
    (fp_text value 1nF (at 0 1.75 180) (layer F.Fab)
      (effects (font (size 1 1) (thickness 0.15)))
    )
    (fp_text user %R (at 0 -1.5 180) (layer F.Fab)
      (effects (font (size 1 1) (thickness 0.15)))
    )
    (fp_line (start -1 0.62) (end -1 -0.62) (layer F.Fab) (width 0.1))
    (fp_line (start 1 0.62) (end -1 0.62) (layer F.Fab) (width 0.1))
    (fp_line (start 1 -0.62) (end 1 0.62) (layer F.Fab) (width 0.1))
    (fp_line (start -1 -0.62) (end 1 -0.62) (layer F.Fab) (width 0.1))
    (fp_line (start 0.5 -0.85) (end -0.5 -0.85) (layer F.SilkS) (width 0.12))
    (fp_line (start -0.5 0.85) (end 0.5 0.85) (layer F.SilkS) (width 0.12))
    (fp_line (start -1.75 -0.88) (end 1.75 -0.88) (layer F.CrtYd) (width 0.05))
    (fp_line (start -1.75 -0.88) (end -1.75 0.87) (layer F.CrtYd) (width 0.05))
    (fp_line (start 1.75 0.87) (end 1.75 -0.88) (layer F.CrtYd) (width 0.05))
    (fp_line (start 1.75 0.87) (end -1.75 0.87) (layer F.CrtYd) (width 0.05))
    (pad 1 smd rect (at -1 0 180) (size 1 1.25) (layers F.Cu F.Paste F.Mask)
      (net 54 "Net-(C8-Pad1)"))
    (pad 2 smd rect (at 1 0 180) (size 1 1.25) (layers F.Cu F.Paste F.Mask)
      (net 1 GND))
    (model Capacitors_SMD.3dshapes/C_0805.wrl
      (at (xyz 0 0 0))
      (scale (xyz 1 1 1))
      (rotate (xyz 0 0 0))
    )
  )

  (module Capacitors_SMD:C_0805 (layer F.Cu) (tedit 5A5BB02F) (tstamp 58F8DB22)
    (at 107.9 92.75 90)
    (descr "Capacitor SMD 0805, reflow soldering, AVX (see smccp.pdf)")
    (tags "capacitor 0805")
    (path /58F0F34B)
    (attr smd)
    (fp_text reference C1 (at 0 -1.7 180) (layer F.SilkS)
      (effects (font (size 0.7 0.7) (thickness 0.15)))
    )
    (fp_text value 1.0uF (at 0 1.75 90) (layer F.Fab)
      (effects (font (size 1 1) (thickness 0.15)))
    )
    (fp_line (start 1.75 0.87) (end -1.75 0.87) (layer F.CrtYd) (width 0.05))
    (fp_line (start 1.75 0.87) (end 1.75 -0.88) (layer F.CrtYd) (width 0.05))
    (fp_line (start -1.75 -0.88) (end -1.75 0.87) (layer F.CrtYd) (width 0.05))
    (fp_line (start -1.75 -0.88) (end 1.75 -0.88) (layer F.CrtYd) (width 0.05))
    (fp_line (start -0.5 0.85) (end 0.5 0.85) (layer F.SilkS) (width 0.12))
    (fp_line (start 0.5 -0.85) (end -0.5 -0.85) (layer F.SilkS) (width 0.12))
    (fp_line (start -1 -0.62) (end 1 -0.62) (layer F.Fab) (width 0.1))
    (fp_line (start 1 -0.62) (end 1 0.62) (layer F.Fab) (width 0.1))
    (fp_line (start 1 0.62) (end -1 0.62) (layer F.Fab) (width 0.1))
    (fp_line (start -1 0.62) (end -1 -0.62) (layer F.Fab) (width 0.1))
    (fp_text user %R (at 0 -1.5 90) (layer F.Fab)
      (effects (font (size 1 1) (thickness 0.15)))
    )
    (pad 2 smd rect (at 1 0 90) (size 1 1.25) (layers F.Cu F.Paste F.Mask)
      (net 18 "Net-(C1-Pad2)"))
    (pad 1 smd rect (at -1 0 90) (size 1 1.25) (layers F.Cu F.Paste F.Mask)
      (net 12 "Net-(C1-Pad1)"))
    (model Capacitors_SMD.3dshapes/C_0805.wrl
      (at (xyz 0 0 0))
      (scale (xyz 1 1 1))
      (rotate (xyz 0 0 0))
    )
  )

  (module Capacitors_SMD:C_0805 (layer F.Cu) (tedit 5A3C81B7) (tstamp 58F8DB33)
    (at 106.68 81.28 180)
    (descr "Capacitor SMD 0805, reflow soldering, AVX (see smccp.pdf)")
    (tags "capacitor 0805")
    (path /58ED63FA)
    (attr smd)
    (fp_text reference C2 (at -2.4 0.1 270) (layer F.SilkS)
      (effects (font (size 0.7 0.7) (thickness 0.15)))
    )
    (fp_text value .1uf (at 0 1.75 180) (layer F.Fab)
      (effects (font (size 1 1) (thickness 0.15)))
    )
    (fp_line (start 1.75 0.87) (end -1.75 0.87) (layer F.CrtYd) (width 0.05))
    (fp_line (start 1.75 0.87) (end 1.75 -0.88) (layer F.CrtYd) (width 0.05))
    (fp_line (start -1.75 -0.88) (end -1.75 0.87) (layer F.CrtYd) (width 0.05))
    (fp_line (start -1.75 -0.88) (end 1.75 -0.88) (layer F.CrtYd) (width 0.05))
    (fp_line (start -0.5 0.85) (end 0.5 0.85) (layer F.SilkS) (width 0.12))
    (fp_line (start 0.5 -0.85) (end -0.5 -0.85) (layer F.SilkS) (width 0.12))
    (fp_line (start -1 -0.62) (end 1 -0.62) (layer F.Fab) (width 0.1))
    (fp_line (start 1 -0.62) (end 1 0.62) (layer F.Fab) (width 0.1))
    (fp_line (start 1 0.62) (end -1 0.62) (layer F.Fab) (width 0.1))
    (fp_line (start -1 0.62) (end -1 -0.62) (layer F.Fab) (width 0.1))
    (fp_text user %R (at 0.089 -1.768 180) (layer F.Fab)
      (effects (font (size 1 1) (thickness 0.15)))
    )
    (pad 2 smd rect (at 1 0 180) (size 1 1.25) (layers F.Cu F.Paste F.Mask)
      (net 2 +3V3))
    (pad 1 smd rect (at -1 0 180) (size 1 1.25) (layers F.Cu F.Paste F.Mask)
      (net 1 GND))
    (model Capacitors_SMD.3dshapes/C_0805.wrl
      (at (xyz 0 0 0))
      (scale (xyz 1 1 1))
      (rotate (xyz 0 0 0))
    )
  )

  (module Capacitors_SMD:C_0805 (layer F.Cu) (tedit 5A5BAFA8) (tstamp 5B1EAB9A)
    (at 102.6 76.2)
    (descr "Capacitor SMD 0805, reflow soldering, AVX (see smccp.pdf)")
    (tags "capacitor 0805")
    (path /58F68F00)
    (attr smd)
    (fp_text reference C3 (at 0.1 -1.75 -270) (layer F.SilkS)
      (effects (font (size 0.7 0.7) (thickness 0.15)))
    )
    (fp_text value 10uF (at 0 1.75) (layer F.Fab)
      (effects (font (size 1 1) (thickness 0.15)))
    )
    (fp_line (start 1.75 0.87) (end -1.75 0.87) (layer F.CrtYd) (width 0.05))
    (fp_line (start 1.75 0.87) (end 1.75 -0.88) (layer F.CrtYd) (width 0.05))
    (fp_line (start -1.75 -0.88) (end -1.75 0.87) (layer F.CrtYd) (width 0.05))
    (fp_line (start -1.75 -0.88) (end 1.75 -0.88) (layer F.CrtYd) (width 0.05))
    (fp_line (start -0.5 0.85) (end 0.5 0.85) (layer F.SilkS) (width 0.12))
    (fp_line (start 0.5 -0.85) (end -0.5 -0.85) (layer F.SilkS) (width 0.12))
    (fp_line (start -1 -0.62) (end 1 -0.62) (layer F.Fab) (width 0.1))
    (fp_line (start 1 -0.62) (end 1 0.62) (layer F.Fab) (width 0.1))
    (fp_line (start 1 0.62) (end -1 0.62) (layer F.Fab) (width 0.1))
    (fp_line (start -1 0.62) (end -1 -0.62) (layer F.Fab) (width 0.1))
    (fp_text user %R (at 0 -1.5) (layer F.Fab)
      (effects (font (size 1 1) (thickness 0.15)))
    )
    (pad 2 smd rect (at 1 0) (size 1 1.25) (layers F.Cu F.Paste F.Mask)
      (net 1 GND))
    (pad 1 smd rect (at -1 0) (size 1 1.25) (layers F.Cu F.Paste F.Mask)
      (net 2 +3V3))
    (model Capacitors_SMD.3dshapes/C_0805.wrl
      (at (xyz 0 0 0))
      (scale (xyz 1 1 1))
      (rotate (xyz 0 0 0))
    )
  )

  (module Capacitors_SMD:C_0805 (layer F.Cu) (tedit 5A5BB012) (tstamp 58F8DB55)
    (at 82.15 92.9 270)
    (descr "Capacitor SMD 0805, reflow soldering, AVX (see smccp.pdf)")
    (tags "capacitor 0805")
    (path /58ECE88F)
    (attr smd)
    (fp_text reference C4 (at 0 -1.8) (layer F.SilkS)
      (effects (font (size 0.7 0.7) (thickness 0.15)))
    )
    (fp_text value 1.0uF (at 0 1.75 270) (layer F.Fab)
      (effects (font (size 1 1) (thickness 0.15)))
    )
    (fp_text user %R (at 0 -1.5 270) (layer F.Fab)
      (effects (font (size 1 1) (thickness 0.15)))
    )
    (fp_line (start -1 0.62) (end -1 -0.62) (layer F.Fab) (width 0.1))
    (fp_line (start 1 0.62) (end -1 0.62) (layer F.Fab) (width 0.1))
    (fp_line (start 1 -0.62) (end 1 0.62) (layer F.Fab) (width 0.1))
    (fp_line (start -1 -0.62) (end 1 -0.62) (layer F.Fab) (width 0.1))
    (fp_line (start 0.5 -0.85) (end -0.5 -0.85) (layer F.SilkS) (width 0.12))
    (fp_line (start -0.5 0.85) (end 0.5 0.85) (layer F.SilkS) (width 0.12))
    (fp_line (start -1.75 -0.88) (end 1.75 -0.88) (layer F.CrtYd) (width 0.05))
    (fp_line (start -1.75 -0.88) (end -1.75 0.87) (layer F.CrtYd) (width 0.05))
    (fp_line (start 1.75 0.87) (end 1.75 -0.88) (layer F.CrtYd) (width 0.05))
    (fp_line (start 1.75 0.87) (end -1.75 0.87) (layer F.CrtYd) (width 0.05))
    (pad 1 smd rect (at -1 0 270) (size 1 1.25) (layers F.Cu F.Paste F.Mask)
      (net 3 /Test_In))
    (pad 2 smd rect (at 1 0 270) (size 1 1.25) (layers F.Cu F.Paste F.Mask)
      (net 13 "Net-(C4-Pad2)"))
    (model Capacitors_SMD.3dshapes/C_0805.wrl
      (at (xyz 0 0 0))
      (scale (xyz 1 1 1))
      (rotate (xyz 0 0 0))
    )
  )

  (module Capacitors_SMD:C_0805 (layer F.Cu) (tedit 5A3C8197) (tstamp 5B1EB7CA)
    (at 99.06 76.2 180)
    (descr "Capacitor SMD 0805, reflow soldering, AVX (see smccp.pdf)")
    (tags "capacitor 0805")
    (path /58F4B920)
    (attr smd)
    (fp_text reference C5 (at 2.55 0.4) (layer F.SilkS)
      (effects (font (size 0.7 0.7) (thickness 0.15)))
    )
    (fp_text value .1uF (at -3.4078 -0.3889 180) (layer F.Fab)
      (effects (font (size 1 1) (thickness 0.15)))
    )
    (fp_text user %R (at -0.9078 -1.6639 180) (layer F.Fab)
      (effects (font (size 1 1) (thickness 0.15)))
    )
    (fp_line (start -1 0.62) (end -1 -0.62) (layer F.Fab) (width 0.1))
    (fp_line (start 1 0.62) (end -1 0.62) (layer F.Fab) (width 0.1))
    (fp_line (start 1 -0.62) (end 1 0.62) (layer F.Fab) (width 0.1))
    (fp_line (start -1 -0.62) (end 1 -0.62) (layer F.Fab) (width 0.1))
    (fp_line (start 0.5 -0.85) (end -0.5 -0.85) (layer F.SilkS) (width 0.12))
    (fp_line (start -0.5 0.85) (end 0.5 0.85) (layer F.SilkS) (width 0.12))
    (fp_line (start -1.75 -0.88) (end 1.75 -0.88) (layer F.CrtYd) (width 0.05))
    (fp_line (start -1.75 -0.88) (end -1.75 0.87) (layer F.CrtYd) (width 0.05))
    (fp_line (start 1.75 0.87) (end 1.75 -0.88) (layer F.CrtYd) (width 0.05))
    (fp_line (start 1.75 0.87) (end -1.75 0.87) (layer F.CrtYd) (width 0.05))
    (pad 1 smd rect (at -1 0 180) (size 1 1.25) (layers F.Cu F.Paste F.Mask)
      (net 1 GND))
    (pad 2 smd rect (at 1 0 180) (size 1 1.25) (layers F.Cu F.Paste F.Mask)
      (net 2 +3V3))
    (model Capacitors_SMD.3dshapes/C_0805.wrl
      (at (xyz 0 0 0))
      (scale (xyz 1 1 1))
      (rotate (xyz 0 0 0))
    )
  )

  (module Capacitors_SMD:C_0805 (layer F.Cu) (tedit 5A3CA9D2) (tstamp 58F8DB77)
    (at 82.55 83.82 180)
    (descr "Capacitor SMD 0805, reflow soldering, AVX (see smccp.pdf)")
    (tags "capacitor 0805")
    (path /5A4DCD69)
    (attr smd)
    (fp_text reference C6 (at 0 1.6 90) (layer F.SilkS)
      (effects (font (size 0.7 0.7) (thickness 0.15)))
    )
    (fp_text value 1uF (at 1.578 1.74 180) (layer F.Fab)
      (effects (font (size 1 1) (thickness 0.15)))
    )
    (fp_text user %R (at 0 -1.5 180) (layer F.Fab)
      (effects (font (size 1 1) (thickness 0.15)))
    )
    (fp_line (start -1 0.62) (end -1 -0.62) (layer F.Fab) (width 0.1))
    (fp_line (start 1 0.62) (end -1 0.62) (layer F.Fab) (width 0.1))
    (fp_line (start 1 -0.62) (end 1 0.62) (layer F.Fab) (width 0.1))
    (fp_line (start -1 -0.62) (end 1 -0.62) (layer F.Fab) (width 0.1))
    (fp_line (start 0.5 -0.85) (end -0.5 -0.85) (layer F.SilkS) (width 0.12))
    (fp_line (start -0.5 0.85) (end 0.5 0.85) (layer F.SilkS) (width 0.12))
    (fp_line (start -1.75 -0.88) (end 1.75 -0.88) (layer F.CrtYd) (width 0.05))
    (fp_line (start -1.75 -0.88) (end -1.75 0.87) (layer F.CrtYd) (width 0.05))
    (fp_line (start 1.75 0.87) (end 1.75 -0.88) (layer F.CrtYd) (width 0.05))
    (fp_line (start 1.75 0.87) (end -1.75 0.87) (layer F.CrtYd) (width 0.05))
    (pad 1 smd rect (at -1 0 180) (size 1 1.25) (layers F.Cu F.Paste F.Mask)
      (net 53 "Net-(C6-Pad1)"))
    (pad 2 smd rect (at 1 0 180) (size 1 1.25) (layers F.Cu F.Paste F.Mask)
      (net 1 GND))
    (model Capacitors_SMD.3dshapes/C_0805.wrl
      (at (xyz 0 0 0))
      (scale (xyz 1 1 1))
      (rotate (xyz 0 0 0))
    )
  )

  (module Capacitors_SMD:C_0805 (layer F.Cu) (tedit 5A3C7C07) (tstamp 58F8DB88)
    (at 87.36 86.36 180)
    (descr "Capacitor SMD 0805, reflow soldering, AVX (see smccp.pdf)")
    (tags "capacitor 0805")
    (path /58EC6DBD)
    (attr smd)
    (fp_text reference C7 (at -0.1 1.6 180) (layer F.SilkS)
      (effects (font (size 0.7 0.7) (thickness 0.15)))
    )
    (fp_text value .005uF (at 0 1.75 180) (layer F.Fab)
      (effects (font (size 1 1) (thickness 0.15)))
    )
    (fp_text user %R (at 0 -1.5 180) (layer F.Fab)
      (effects (font (size 1 1) (thickness 0.15)))
    )
    (fp_line (start -1 0.62) (end -1 -0.62) (layer F.Fab) (width 0.1))
    (fp_line (start 1 0.62) (end -1 0.62) (layer F.Fab) (width 0.1))
    (fp_line (start 1 -0.62) (end 1 0.62) (layer F.Fab) (width 0.1))
    (fp_line (start -1 -0.62) (end 1 -0.62) (layer F.Fab) (width 0.1))
    (fp_line (start 0.5 -0.85) (end -0.5 -0.85) (layer F.SilkS) (width 0.12))
    (fp_line (start -0.5 0.85) (end 0.5 0.85) (layer F.SilkS) (width 0.12))
    (fp_line (start -1.75 -0.88) (end 1.75 -0.88) (layer F.CrtYd) (width 0.05))
    (fp_line (start -1.75 -0.88) (end -1.75 0.87) (layer F.CrtYd) (width 0.05))
    (fp_line (start 1.75 0.87) (end 1.75 -0.88) (layer F.CrtYd) (width 0.05))
    (fp_line (start 1.75 0.87) (end -1.75 0.87) (layer F.CrtYd) (width 0.05))
    (pad 1 smd rect (at -1 0 180) (size 1 1.25) (layers F.Cu F.Paste F.Mask)
      (net 11 "Net-(C7-Pad1)"))
    (pad 2 smd rect (at 1 0 180) (size 1 1.25) (layers F.Cu F.Paste F.Mask)
      (net 1 GND))
    (model Capacitors_SMD.3dshapes/C_0805.wrl
      (at (xyz 0 0 0))
      (scale (xyz 1 1 1))
      (rotate (xyz 0 0 0))
    )
  )

  (module Capacitors_SMD:C_0805 (layer F.Cu) (tedit 5A3C7C4E) (tstamp 5B1EA786)
    (at 95.25 81.28)
    (descr "Capacitor SMD 0805, reflow soldering, AVX (see smccp.pdf)")
    (tags "capacitor 0805")
    (path /5B169D5C)
    (attr smd)
    (fp_text reference C9 (at 0.05 1.65 90) (layer F.SilkS)
      (effects (font (size 0.7 0.7) (thickness 0.15)))
    )
    (fp_text value 1nF (at 0 1.75) (layer F.Fab)
      (effects (font (size 1 1) (thickness 0.15)))
    )
    (fp_line (start 1.75 0.87) (end -1.75 0.87) (layer F.CrtYd) (width 0.05))
    (fp_line (start 1.75 0.87) (end 1.75 -0.88) (layer F.CrtYd) (width 0.05))
    (fp_line (start -1.75 -0.88) (end -1.75 0.87) (layer F.CrtYd) (width 0.05))
    (fp_line (start -1.75 -0.88) (end 1.75 -0.88) (layer F.CrtYd) (width 0.05))
    (fp_line (start -0.5 0.85) (end 0.5 0.85) (layer F.SilkS) (width 0.12))
    (fp_line (start 0.5 -0.85) (end -0.5 -0.85) (layer F.SilkS) (width 0.12))
    (fp_line (start -1 -0.62) (end 1 -0.62) (layer F.Fab) (width 0.1))
    (fp_line (start 1 -0.62) (end 1 0.62) (layer F.Fab) (width 0.1))
    (fp_line (start 1 0.62) (end -1 0.62) (layer F.Fab) (width 0.1))
    (fp_line (start -1 0.62) (end -1 -0.62) (layer F.Fab) (width 0.1))
    (fp_text user %R (at 0 -1.5) (layer F.Fab)
      (effects (font (size 1 1) (thickness 0.15)))
    )
    (pad 2 smd rect (at 1 0) (size 1 1.25) (layers F.Cu F.Paste F.Mask)
      (net 1 GND))
    (pad 1 smd rect (at -1 0) (size 1 1.25) (layers F.Cu F.Paste F.Mask)
      (net 14 "Net-(C9-Pad1)"))
    (model Capacitors_SMD.3dshapes/C_0805.wrl
      (at (xyz 0 0 0))
      (scale (xyz 1 1 1))
      (rotate (xyz 0 0 0))
    )
  )

  (module Capacitors_SMD:C_0805 (layer F.Cu) (tedit 5A3CA959) (tstamp 58F8DBBB)
    (at 78.25 83.82)
    (descr "Capacitor SMD 0805, reflow soldering, AVX (see smccp.pdf)")
    (tags "capacitor 0805")
    (path /5A5198C3)
    (attr smd)
    (fp_text reference C10 (at -2.1 0.05 -270) (layer F.SilkS)
      (effects (font (size 0.7 0.7) (thickness 0.15)))
    )
    (fp_text value 1nF (at 3.477 -0.17) (layer F.Fab)
      (effects (font (size 1 1) (thickness 0.15)))
    )
    (fp_line (start 1.75 0.87) (end -1.75 0.87) (layer F.CrtYd) (width 0.05))
    (fp_line (start 1.75 0.87) (end 1.75 -0.88) (layer F.CrtYd) (width 0.05))
    (fp_line (start -1.75 -0.88) (end -1.75 0.87) (layer F.CrtYd) (width 0.05))
    (fp_line (start -1.75 -0.88) (end 1.75 -0.88) (layer F.CrtYd) (width 0.05))
    (fp_line (start -0.5 0.85) (end 0.5 0.85) (layer F.SilkS) (width 0.12))
    (fp_line (start 0.5 -0.85) (end -0.5 -0.85) (layer F.SilkS) (width 0.12))
    (fp_line (start -1 -0.62) (end 1 -0.62) (layer F.Fab) (width 0.1))
    (fp_line (start 1 -0.62) (end 1 0.62) (layer F.Fab) (width 0.1))
    (fp_line (start 1 0.62) (end -1 0.62) (layer F.Fab) (width 0.1))
    (fp_line (start -1 0.62) (end -1 -0.62) (layer F.Fab) (width 0.1))
    (fp_text user %R (at 1.077 -1.745) (layer F.Fab)
      (effects (font (size 1 1) (thickness 0.15)))
    )
    (pad 2 smd rect (at 1 0) (size 1 1.25) (layers F.Cu F.Paste F.Mask)
      (net 1 GND))
    (pad 1 smd rect (at -1 0) (size 1 1.25) (layers F.Cu F.Paste F.Mask)
      (net 55 "Net-(C10-Pad1)"))
    (model Capacitors_SMD.3dshapes/C_0805.wrl
      (at (xyz 0 0 0))
      (scale (xyz 1 1 1))
      (rotate (xyz 0 0 0))
    )
  )

  (module Capacitors_SMD:C_0805 (layer F.Cu) (tedit 5A5BD506) (tstamp 58F8DBCC)
    (at 82.82 86.36)
    (descr "Capacitor SMD 0805, reflow soldering, AVX (see smccp.pdf)")
    (tags "capacitor 0805")
    (path /58F654B3)
    (attr smd)
    (fp_text reference C11 (at 1.2 -1.6 -180) (layer F.SilkS)
      (effects (font (size 0.7 0.7) (thickness 0.15)))
    )
    (fp_text value 0pF (at 0 1.75) (layer F.Fab)
      (effects (font (size 1 1) (thickness 0.15)))
    )
    (fp_line (start 1.75 0.87) (end -1.75 0.87) (layer F.CrtYd) (width 0.05))
    (fp_line (start 1.75 0.87) (end 1.75 -0.88) (layer F.CrtYd) (width 0.05))
    (fp_line (start -1.75 -0.88) (end -1.75 0.87) (layer F.CrtYd) (width 0.05))
    (fp_line (start -1.75 -0.88) (end 1.75 -0.88) (layer F.CrtYd) (width 0.05))
    (fp_line (start -0.5 0.85) (end 0.5 0.85) (layer F.SilkS) (width 0.12))
    (fp_line (start 0.5 -0.85) (end -0.5 -0.85) (layer F.SilkS) (width 0.12))
    (fp_line (start -1 -0.62) (end 1 -0.62) (layer F.Fab) (width 0.1))
    (fp_line (start 1 -0.62) (end 1 0.62) (layer F.Fab) (width 0.1))
    (fp_line (start 1 0.62) (end -1 0.62) (layer F.Fab) (width 0.1))
    (fp_line (start -1 0.62) (end -1 -0.62) (layer F.Fab) (width 0.1))
    (fp_text user %R (at 0 -1.5) (layer F.Fab)
      (effects (font (size 1 1) (thickness 0.15)))
    )
    (pad 2 smd rect (at 1 0) (size 1 1.25) (layers F.Cu F.Paste F.Mask)
      (net 1 GND))
    (pad 1 smd rect (at -1 0) (size 1 1.25) (layers F.Cu F.Paste F.Mask)
      (net 19 "Net-(A_GND1-Pad1)"))
    (model Capacitors_SMD.3dshapes/C_0805.wrl
      (at (xyz 0 0 0))
      (scale (xyz 1 1 1))
      (rotate (xyz 0 0 0))
    )
  )

  (module SMA:SMA_EDGE (layer F.Cu) (tedit 53B19377) (tstamp 58F8DD72)
    (at 108 106.05 270)
    (path /5A466310)
    (fp_text reference P1 (at -11.1 5.9) (layer F.SilkS)
      (effects (font (size 0.524 0.524) (thickness 0.131)))
    )
    (fp_text value Output (at 1.016 4.572 270) (layer F.SilkS) hide
      (effects (font (size 0.524 0.524) (thickness 0.131)))
    )
    (fp_line (start -3.048 -3.048) (end -2.54 -3.556) (layer F.SilkS) (width 0.15))
    (fp_line (start -5.08 -3.048) (end -3.048 -3.048) (layer F.SilkS) (width 0.15))
    (fp_line (start -5.08 -4.572) (end -5.08 -3.048) (layer F.SilkS) (width 0.15))
    (fp_line (start -6.096 -4.572) (end -5.08 -4.572) (layer F.SilkS) (width 0.15))
    (fp_line (start -6.096 4.572) (end -6.096 -4.572) (layer F.SilkS) (width 0.15))
    (fp_line (start -5.08 4.572) (end -6.096 4.572) (layer F.SilkS) (width 0.15))
    (fp_line (start -5.08 2.54) (end -5.08 4.572) (layer F.SilkS) (width 0.15))
    (fp_line (start -3.048 2.54) (end -5.08 2.54) (layer F.SilkS) (width 0.15))
    (fp_line (start -2.54 3.048) (end -3.048 2.54) (layer F.SilkS) (width 0.15))
    (fp_line (start 0.508 -3.556) (end 1.016 -3.048) (layer F.SilkS) (width 0.15))
    (fp_line (start 0 -3.048) (end 0.508 -3.556) (layer F.SilkS) (width 0.15))
    (fp_line (start -0.508 -3.556) (end 0 -3.048) (layer F.SilkS) (width 0.15))
    (fp_line (start -1.016 -3.048) (end -0.508 -3.556) (layer F.SilkS) (width 0.15))
    (fp_line (start -1.524 -3.556) (end -1.016 -3.048) (layer F.SilkS) (width 0.15))
    (fp_line (start -2.032 -3.048) (end -1.524 -3.556) (layer F.SilkS) (width 0.15))
    (fp_line (start -2.54 -3.556) (end -2.032 -3.048) (layer F.SilkS) (width 0.15))
    (fp_line (start -2.032 2.54) (end -2.54 3.048) (layer F.SilkS) (width 0.15))
    (fp_line (start -1.524 3.048) (end -2.032 2.54) (layer F.SilkS) (width 0.15))
    (fp_line (start -1.016 2.54) (end -1.524 3.048) (layer F.SilkS) (width 0.15))
    (fp_line (start -0.508 3.048) (end -1.016 2.54) (layer F.SilkS) (width 0.15))
    (fp_line (start 0 2.54) (end -0.508 3.048) (layer F.SilkS) (width 0.15))
    (fp_line (start 0.508 3.048) (end 0 2.54) (layer F.SilkS) (width 0.15))
    (fp_line (start 1.016 2.54) (end 0.508 3.048) (layer F.SilkS) (width 0.15))
    (fp_line (start 1.016 -3.048) (end 1.016 2.54) (layer F.SilkS) (width 0.15))
    (pad 2 connect rect (at -8.89 3.16484 270) (size 4.572 3.302) (layers F.Cu F.Mask)
      (net 1 GND))
    (pad 2 connect rect (at -8.89 -3.16484 270) (size 4.572 3.302) (layers B.Cu B.Mask)
      (net 1 GND))
    (pad 1 connect rect (at -9.144 0 270) (size 4.07162 1.99898) (layers F.Cu F.Mask)
      (net 12 "Net-(C1-Pad1)"))
    (pad 2 connect rect (at -8.89 3.16484 270) (size 4.572 3.302) (layers B.Cu B.Mask)
      (net 1 GND))
    (pad 1 connect trapezoid (at -6.958 -0.08 270) (size 0.50038 1.39954) (rect_delta 0.59944 0 ) (layers F.Cu F.Mask)
      (net 12 "Net-(C1-Pad1)"))
    (pad 2 connect rect (at -8.89 -3.16484 270) (size 4.572 3.302) (layers F.Cu F.Mask)
      (net 1 GND))
    (model SMA_EDGE.wrl
      (offset (xyz -5.206999921798706 -1.269999980926514 -3.047999954223633))
      (scale (xyz 1.3 1.3 1.3))
      (rotate (xyz 270 0 180))
    )
  )

  (module SMA:SMA_EDGE (layer F.Cu) (tedit 53B19377) (tstamp 58F8DD94)
    (at 82.15 106.15 270)
    (path /5A465D91)
    (fp_text reference P2 (at -8.85 5.85) (layer F.SilkS)
      (effects (font (size 0.524 0.524) (thickness 0.131)))
    )
    (fp_text value Input (at 1.016 4.572 270) (layer F.SilkS) hide
      (effects (font (size 0.524 0.524) (thickness 0.131)))
    )
    (fp_line (start 1.016 -3.048) (end 1.016 2.54) (layer F.SilkS) (width 0.15))
    (fp_line (start 1.016 2.54) (end 0.508 3.048) (layer F.SilkS) (width 0.15))
    (fp_line (start 0.508 3.048) (end 0 2.54) (layer F.SilkS) (width 0.15))
    (fp_line (start 0 2.54) (end -0.508 3.048) (layer F.SilkS) (width 0.15))
    (fp_line (start -0.508 3.048) (end -1.016 2.54) (layer F.SilkS) (width 0.15))
    (fp_line (start -1.016 2.54) (end -1.524 3.048) (layer F.SilkS) (width 0.15))
    (fp_line (start -1.524 3.048) (end -2.032 2.54) (layer F.SilkS) (width 0.15))
    (fp_line (start -2.032 2.54) (end -2.54 3.048) (layer F.SilkS) (width 0.15))
    (fp_line (start -2.54 -3.556) (end -2.032 -3.048) (layer F.SilkS) (width 0.15))
    (fp_line (start -2.032 -3.048) (end -1.524 -3.556) (layer F.SilkS) (width 0.15))
    (fp_line (start -1.524 -3.556) (end -1.016 -3.048) (layer F.SilkS) (width 0.15))
    (fp_line (start -1.016 -3.048) (end -0.508 -3.556) (layer F.SilkS) (width 0.15))
    (fp_line (start -0.508 -3.556) (end 0 -3.048) (layer F.SilkS) (width 0.15))
    (fp_line (start 0 -3.048) (end 0.508 -3.556) (layer F.SilkS) (width 0.15))
    (fp_line (start 0.508 -3.556) (end 1.016 -3.048) (layer F.SilkS) (width 0.15))
    (fp_line (start -2.54 3.048) (end -3.048 2.54) (layer F.SilkS) (width 0.15))
    (fp_line (start -3.048 2.54) (end -5.08 2.54) (layer F.SilkS) (width 0.15))
    (fp_line (start -5.08 2.54) (end -5.08 4.572) (layer F.SilkS) (width 0.15))
    (fp_line (start -5.08 4.572) (end -6.096 4.572) (layer F.SilkS) (width 0.15))
    (fp_line (start -6.096 4.572) (end -6.096 -4.572) (layer F.SilkS) (width 0.15))
    (fp_line (start -6.096 -4.572) (end -5.08 -4.572) (layer F.SilkS) (width 0.15))
    (fp_line (start -5.08 -4.572) (end -5.08 -3.048) (layer F.SilkS) (width 0.15))
    (fp_line (start -5.08 -3.048) (end -3.048 -3.048) (layer F.SilkS) (width 0.15))
    (fp_line (start -3.048 -3.048) (end -2.54 -3.556) (layer F.SilkS) (width 0.15))
    (pad 2 connect rect (at -8.89 -3.16484 270) (size 4.572 3.302) (layers F.Cu F.Mask)
      (net 1 GND))
    (pad 1 connect trapezoid (at -6.958 -0.08 270) (size 0.50038 1.39954) (rect_delta 0.59944 0 ) (layers F.Cu F.Mask)
      (net 13 "Net-(C4-Pad2)"))
    (pad 2 connect rect (at -8.89 3.16484 270) (size 4.572 3.302) (layers B.Cu B.Mask)
      (net 1 GND))
    (pad 1 connect rect (at -9.144 0 270) (size 4.07162 1.99898) (layers F.Cu F.Mask)
      (net 13 "Net-(C4-Pad2)"))
    (pad 2 connect rect (at -8.89 -3.16484 270) (size 4.572 3.302) (layers B.Cu B.Mask)
      (net 1 GND))
    (pad 2 connect rect (at -8.89 3.16484 270) (size 4.572 3.302) (layers F.Cu F.Mask)
      (net 1 GND))
    (model SMA_EDGE.wrl
      (offset (xyz -5.206999921798706 -1.269999980926514 -3.047999954223633))
      (scale (xyz 1.3 1.3 1.3))
      (rotate (xyz 270 0 180))
    )
  )

  (module Resistors_SMD:R_0805 (layer F.Cu) (tedit 5A3C81A0) (tstamp 5A3C554C)
    (at 78.25 90.5 180)
    (descr "Resistor SMD 0805, reflow soldering, Vishay (see dcrcw.pdf)")
    (tags "resistor 0805")
    (path /58EB88FC)
    (attr smd)
    (fp_text reference R1 (at 1.9 -0.05 270) (layer F.SilkS)
      (effects (font (size 0.7 0.7) (thickness 0.15)))
    )
    (fp_text value 4.7k (at 0.0307 -3.4134 180) (layer F.Fab)
      (effects (font (size 1 1) (thickness 0.15)))
    )
    (fp_line (start 1.55 0.9) (end -1.55 0.9) (layer F.CrtYd) (width 0.05))
    (fp_line (start 1.55 0.9) (end 1.55 -0.9) (layer F.CrtYd) (width 0.05))
    (fp_line (start -1.55 -0.9) (end -1.55 0.9) (layer F.CrtYd) (width 0.05))
    (fp_line (start -1.55 -0.9) (end 1.55 -0.9) (layer F.CrtYd) (width 0.05))
    (fp_line (start -0.6 -0.88) (end 0.6 -0.88) (layer F.SilkS) (width 0.12))
    (fp_line (start 0.6 0.88) (end -0.6 0.88) (layer F.SilkS) (width 0.12))
    (fp_line (start -1 -0.62) (end 1 -0.62) (layer F.Fab) (width 0.1))
    (fp_line (start 1 -0.62) (end 1 0.62) (layer F.Fab) (width 0.1))
    (fp_line (start 1 0.62) (end -1 0.62) (layer F.Fab) (width 0.1))
    (fp_line (start -1 0.62) (end -1 -0.62) (layer F.Fab) (width 0.1))
    (fp_text user %R (at 0 0 180) (layer F.Fab)
      (effects (font (size 0.5 0.5) (thickness 0.075)))
    )
    (pad 2 smd rect (at 0.95 0 180) (size 0.7 1.3) (layers F.Cu F.Paste F.Mask)
      (net 2 +3V3))
    (pad 1 smd rect (at -0.95 0 180) (size 0.7 1.3) (layers F.Cu F.Paste F.Mask)
      (net 5 /SCL))
    (model ${KISYS3DMOD}/Resistors_SMD.3dshapes/R_0805.wrl
      (at (xyz 0 0 0))
      (scale (xyz 1 1 1))
      (rotate (xyz 0 0 0))
    )
  )

  (module Resistors_SMD:R_0805 (layer F.Cu) (tedit 5A3C818E) (tstamp 58F8DDB6)
    (at 78.25 92.75 180)
    (descr "Resistor SMD 0805, reflow soldering, Vishay (see dcrcw.pdf)")
    (tags "resistor 0805")
    (path /58EB89D4)
    (attr smd)
    (fp_text reference R2 (at -0.05 1.35 180) (layer F.SilkS)
      (effects (font (size 0.7 0.7) (thickness 0.15)))
    )
    (fp_text value 4.7k (at 0.1057 -4.1097 180) (layer F.Fab)
      (effects (font (size 1 1) (thickness 0.15)))
    )
    (fp_text user %R (at 0 0 180) (layer F.Fab)
      (effects (font (size 0.5 0.5) (thickness 0.075)))
    )
    (fp_line (start -1 0.62) (end -1 -0.62) (layer F.Fab) (width 0.1))
    (fp_line (start 1 0.62) (end -1 0.62) (layer F.Fab) (width 0.1))
    (fp_line (start 1 -0.62) (end 1 0.62) (layer F.Fab) (width 0.1))
    (fp_line (start -1 -0.62) (end 1 -0.62) (layer F.Fab) (width 0.1))
    (fp_line (start 0.6 0.88) (end -0.6 0.88) (layer F.SilkS) (width 0.12))
    (fp_line (start -0.6 -0.88) (end 0.6 -0.88) (layer F.SilkS) (width 0.12))
    (fp_line (start -1.55 -0.9) (end 1.55 -0.9) (layer F.CrtYd) (width 0.05))
    (fp_line (start -1.55 -0.9) (end -1.55 0.9) (layer F.CrtYd) (width 0.05))
    (fp_line (start 1.55 0.9) (end 1.55 -0.9) (layer F.CrtYd) (width 0.05))
    (fp_line (start 1.55 0.9) (end -1.55 0.9) (layer F.CrtYd) (width 0.05))
    (pad 1 smd rect (at -0.95 0 180) (size 0.7 1.3) (layers F.Cu F.Paste F.Mask)
      (net 6 /SDA))
    (pad 2 smd rect (at 0.95 0 180) (size 0.7 1.3) (layers F.Cu F.Paste F.Mask)
      (net 2 +3V3))
    (model ${KISYS3DMOD}/Resistors_SMD.3dshapes/R_0805.wrl
      (at (xyz 0 0 0))
      (scale (xyz 1 1 1))
      (rotate (xyz 0 0 0))
    )
  )

  (module Resistors_SMD:R_0805 (layer F.Cu) (tedit 5A3CA973) (tstamp 5A3CF47C)
    (at 86.36 81.28 180)
    (descr "Resistor SMD 0805, reflow soldering, Vishay (see dcrcw.pdf)")
    (tags "resistor 0805")
    (path /58EC6DA8)
    (attr smd)
    (fp_text reference R4 (at -0.05 1.4 180) (layer F.SilkS)
      (effects (font (size 0.7 0.7) (thickness 0.15)))
    )
    (fp_text value 68K (at 0 1.75 180) (layer F.Fab)
      (effects (font (size 1 1) (thickness 0.15)))
    )
    (fp_line (start 1.55 0.9) (end -1.55 0.9) (layer F.CrtYd) (width 0.05))
    (fp_line (start 1.55 0.9) (end 1.55 -0.9) (layer F.CrtYd) (width 0.05))
    (fp_line (start -1.55 -0.9) (end -1.55 0.9) (layer F.CrtYd) (width 0.05))
    (fp_line (start -1.55 -0.9) (end 1.55 -0.9) (layer F.CrtYd) (width 0.05))
    (fp_line (start -0.6 -0.88) (end 0.6 -0.88) (layer F.SilkS) (width 0.12))
    (fp_line (start 0.6 0.88) (end -0.6 0.88) (layer F.SilkS) (width 0.12))
    (fp_line (start -1 -0.62) (end 1 -0.62) (layer F.Fab) (width 0.1))
    (fp_line (start 1 -0.62) (end 1 0.62) (layer F.Fab) (width 0.1))
    (fp_line (start 1 0.62) (end -1 0.62) (layer F.Fab) (width 0.1))
    (fp_line (start -1 0.62) (end -1 -0.62) (layer F.Fab) (width 0.1))
    (fp_text user %R (at 0 0 180) (layer F.Fab)
      (effects (font (size 0.5 0.5) (thickness 0.075)))
    )
    (pad 2 smd rect (at 0.95 0 180) (size 0.7 1.3) (layers F.Cu F.Paste F.Mask)
      (net 71 "Net-(JP_Test1-Pad2)"))
    (pad 1 smd rect (at -0.95 0 180) (size 0.7 1.3) (layers F.Cu F.Paste F.Mask)
      (net 64 "Net-(1nF2-Pad2)"))
    (model ${KISYS3DMOD}/Resistors_SMD.3dshapes/R_0805.wrl
      (at (xyz 0 0 0))
      (scale (xyz 1 1 1))
      (rotate (xyz 0 0 0))
    )
  )

  (module Resistors_SMD:R_0805 (layer F.Cu) (tedit 5A3DEF6A) (tstamp 5B1EBACE)
    (at 90.49 81.28 180)
    (descr "Resistor SMD 0805, reflow soldering, Vishay (see dcrcw.pdf)")
    (tags "resistor 0805")
    (path /5B19C986)
    (attr smd)
    (fp_text reference R7 (at 2.05 0 270) (layer F.SilkS)
      (effects (font (size 0.7 0.7) (thickness 0.15)))
    )
    (fp_text value 68K (at 0 1.75 180) (layer F.Fab)
      (effects (font (size 1 1) (thickness 0.15)))
    )
    (fp_line (start 1.55 0.9) (end -1.55 0.9) (layer F.CrtYd) (width 0.05))
    (fp_line (start 1.55 0.9) (end 1.55 -0.9) (layer F.CrtYd) (width 0.05))
    (fp_line (start -1.55 -0.9) (end -1.55 0.9) (layer F.CrtYd) (width 0.05))
    (fp_line (start -1.55 -0.9) (end 1.55 -0.9) (layer F.CrtYd) (width 0.05))
    (fp_line (start -0.6 -0.88) (end 0.6 -0.88) (layer F.SilkS) (width 0.12))
    (fp_line (start 0.6 0.88) (end -0.6 0.88) (layer F.SilkS) (width 0.12))
    (fp_line (start -1 -0.62) (end 1 -0.62) (layer F.Fab) (width 0.1))
    (fp_line (start 1 -0.62) (end 1 0.62) (layer F.Fab) (width 0.1))
    (fp_line (start 1 0.62) (end -1 0.62) (layer F.Fab) (width 0.1))
    (fp_line (start -1 0.62) (end -1 -0.62) (layer F.Fab) (width 0.1))
    (fp_text user %R (at 0 0 180) (layer F.Fab)
      (effects (font (size 0.5 0.5) (thickness 0.075)))
    )
    (pad 2 smd rect (at 0.95 0 180) (size 0.7 1.3) (layers F.Cu F.Paste F.Mask)
      (net 56 "Net-(C12-Pad1)"))
    (pad 1 smd rect (at -0.95 0 180) (size 0.7 1.3) (layers F.Cu F.Paste F.Mask)
      (net 67 "Net-(1nF4-Pad2)"))
    (model ${KISYS3DMOD}/Resistors_SMD.3dshapes/R_0805.wrl
      (at (xyz 0 0 0))
      (scale (xyz 1 1 1))
      (rotate (xyz 0 0 0))
    )
  )

  (module Resistors_SMD:R_0805 (layer F.Cu) (tedit 5A3C7C2F) (tstamp 5B1EB6E0)
    (at 78.74 81.28)
    (descr "Resistor SMD 0805, reflow soldering, Vishay (see dcrcw.pdf)")
    (tags "resistor 0805")
    (path /5B23D3F9)
    (attr smd)
    (fp_text reference R8 (at -1.95 -0.05 -270) (layer F.SilkS)
      (effects (font (size 0.7 0.7) (thickness 0.15)))
    )
    (fp_text value 180K (at 0 1.75) (layer B.Fab)
      (effects (font (size 1 1) (thickness 0.15)) (justify mirror))
    )
    (fp_text user %R (at 0 0) (layer F.Fab)
      (effects (font (size 0.5 0.5) (thickness 0.075)))
    )
    (fp_line (start -1 0.62) (end -1 -0.62) (layer F.Fab) (width 0.1))
    (fp_line (start 1 0.62) (end -1 0.62) (layer F.Fab) (width 0.1))
    (fp_line (start 1 -0.62) (end 1 0.62) (layer F.Fab) (width 0.1))
    (fp_line (start -1 -0.62) (end 1 -0.62) (layer F.Fab) (width 0.1))
    (fp_line (start 0.6 0.88) (end -0.6 0.88) (layer F.SilkS) (width 0.12))
    (fp_line (start -0.6 -0.88) (end 0.6 -0.88) (layer F.SilkS) (width 0.12))
    (fp_line (start -1.55 -0.9) (end 1.55 -0.9) (layer F.CrtYd) (width 0.05))
    (fp_line (start -1.55 -0.9) (end -1.55 0.9) (layer F.CrtYd) (width 0.05))
    (fp_line (start 1.55 0.9) (end 1.55 -0.9) (layer F.CrtYd) (width 0.05))
    (fp_line (start 1.55 0.9) (end -1.55 0.9) (layer F.CrtYd) (width 0.05))
    (pad 1 smd rect (at -0.95 0) (size 0.7 1.3) (layers F.Cu F.Paste F.Mask)
      (net 2 +3V3))
    (pad 2 smd rect (at 0.95 0) (size 0.7 1.3) (layers F.Cu F.Paste F.Mask)
      (net 61 "Net-(15nF2-Pad2)"))
    (model ${KISYS3DMOD}/Resistors_SMD.3dshapes/R_0805.wrl
      (at (xyz 0 0 0))
      (scale (xyz 1 1 1))
      (rotate (xyz 0 0 0))
    )
  )

  (module Resistors_SMD:R_0805 (layer F.Cu) (tedit 5A3C7C1B) (tstamp 5B1EB51F)
    (at 86.04 76.2)
    (descr "Resistor SMD 0805, reflow soldering, Vishay (see dcrcw.pdf)")
    (tags "resistor 0805")
    (path /5B23D2E8)
